from_stop_id,to_stop_id,from_route_id,to_route_id,from_trip_id,to_trip_id,transfer_type,min_transfer_time
124,124,,,9974596,9974554,1,
124,124,,,9974597,9974555,1,
124,124,,,9974599,9974557,1,
124,124,,,9974601,9974559,1,
124,124,,,9974603,9974561,1,
124,124,,,9974605,9974563,1,
124,124,,,9974607,9974565,1,
124,124,,,9974609,9974567,1,
124,124,,,9974611,9974569,1,
124,124,,,9974613,9974571,1,
124,124,,,9974615,9974573,1,
124,124,,,9974617,9974575,1,
124,124,,,9974619,9974577,1,
124,124,,,9974621,9974579,1,
124,124,,,9974623,9974581,1,
124,124,,,9974625,9974583,1,
124,124,,,9974627,9974585,1,
124,124,,,9974629,9974587,1,
124,124,,,9974667,9974587,1,
124,124,,,9974631,9974589,1,
124,124,,,9974633,9974591,1,
124,124,,,9974635,9974592,1,
124,124,,,9974637,9974599,1,
124,124,,,9974558,9974600,1,
124,124,,,9974639,9974601,1,
140,140,,,9974880,9974601,1,
124,124,,,9974560,9974602,1,
124,124,,,9974641,9974603,1,
131,131,,,9974674,9974603,1,
140,140,,,9974882,9974603,1,
124,124,,,9974562,9974604,1,
124,124,,,9974643,9974605,1,
124,124,,,9974564,9974606,1,
124,124,,,9974645,9974607,1,
124,124,,,9974566,9974608,1,
124,124,,,9974647,9974609,1,
131,131,,,9974676,9974609,1,
140,140,,,9974884,9974609,1,
124,124,,,9974568,9974610,1,
124,124,,,9974649,9974611,1,
124,124,,,9974570,9974612,1,
124,124,,,9974651,9974613,1,
124,124,,,9974572,9974614,1,
124,124,,,9974653,9974615,1,
131,131,,,9974678,9974615,1,
140,140,,,9974886,9974615,1,
124,124,,,9974574,9974616,1,
124,124,,,9974655,9974617,1,
124,124,,,9974576,9974618,1,
124,124,,,9974657,9974619,1,
124,124,,,9974578,9974620,1,
124,124,,,9974659,9974621,1,
131,131,,,9974680,9974621,1,
140,140,,,9974889,9974621,1,
124,124,,,9974580,9974622,1,
124,124,,,9974661,9974623,1,
140,140,,,9974891,9974623,1,
124,124,,,9974582,9974624,1,
124,124,,,9974663,9974625,1,
124,124,,,9974584,9974626,1,
124,124,,,9974665,9974627,1,
131,131,,,9974681,9974627,1,
140,140,,,9974892,9974627,1,
124,124,,,9974586,9974628,1,
124,124,,,9974667,9974629,1,
124,124,,,9974588,9974630,1,
124,124,,,9974669,9974631,1,
124,124,,,9974590,9974632,1,
124,124,,,9974671,9974633,1,
140,140,,,9974894,9974633,1,
124,124,,,9974593,9974634,1,
131,131,,,9974684,9974634,1,
124,124,,,9974598,9974636,1,
124,124,,,9974600,9974638,1,
124,124,,,9974602,9974640,1,
124,124,,,9974604,9974642,1,
124,124,,,9974606,9974644,1,
124,124,,,9974608,9974646,1,
124,124,,,9974610,9974648,1,
124,124,,,9974612,9974650,1,
124,124,,,9974614,9974652,1,
124,124,,,9974616,9974654,1,
124,124,,,9974618,9974656,1,
124,124,,,9974620,9974658,1,
124,124,,,9974622,9974660,1,
124,124,,,9974624,9974662,1,
124,124,,,9974626,9974664,1,
124,124,,,9974628,9974666,1,
124,124,,,9974630,9974668,1,
124,124,,,9974635,9974672,1,
131,131,,,9974602,9974673,1,
131,131,,,9974608,9974675,1,
131,131,,,9974614,9974677,1,
131,131,,,9974620,9974679,1,
131,131,,,9974628,9974682,1,
27,27,,,9974743,9974702,1,
33,33,,,9974743,9974702,1,
27,27,,,9974745,9974704,1,
33,33,,,9974745,9974704,1,
27,27,,,9974747,9974706,1,
33,33,,,9974747,9974706,1,
27,27,,,9974749,9974708,1,
33,33,,,9974749,9974708,1,
27,27,,,9974751,9974710,1,
33,33,,,9974751,9974710,1,
27,27,,,9974753,9974712,1,
33,33,,,9974753,9974712,1,
27,27,,,9974755,9974714,1,
33,33,,,9974755,9974714,1,
27,27,,,9974757,9974716,1,
33,33,,,9974757,9974716,1,
27,27,,,9974759,9974718,1,
33,33,,,9974759,9974718,1,
27,27,,,9974761,9974720,1,
33,33,,,9974761,9974720,1,
27,27,,,9974763,9974722,1,
33,33,,,9974763,9974722,1,
27,27,,,9974765,9974724,1,
33,33,,,9974765,9974724,1,
27,27,,,9974767,9974726,1,
33,33,,,9974767,9974726,1,
27,27,,,9974769,9974728,1,
33,33,,,9974769,9974728,1,
27,27,,,9974771,9974730,1,
33,33,,,9974771,9974730,1,
27,27,,,9974773,9974732,1,
33,33,,,9974773,9974732,1,
18,18,,,9974775,9974734,1,
27,27,,,9974775,9974734,1,
33,33,,,9974775,9974734,1,
33,33,,,9974698,9974739,1,
27,27,,,9974700,9974741,1,
33,33,,,9974700,9974741,1,
27,27,,,9974701,9974742,1,
33,33,,,9974701,9974742,1,
27,27,,,9974703,9974744,1,
33,33,,,9974703,9974744,1,
27,27,,,9974705,9974746,1,
33,33,,,9974705,9974746,1,
27,27,,,9974707,9974748,1,
33,33,,,9974707,9974748,1,
27,27,,,9974709,9974750,1,
33,33,,,9974709,9974750,1,
27,27,,,9974711,9974752,1,
33,33,,,9974711,9974752,1,
27,27,,,9974713,9974754,1,
33,33,,,9974713,9974754,1,
27,27,,,9974715,9974756,1,
33,33,,,9974715,9974756,1,
27,27,,,9974717,9974758,1,
33,33,,,9974717,9974758,1,
27,27,,,9974719,9974760,1,
33,33,,,9974719,9974760,1,
27,27,,,9974721,9974762,1,
33,33,,,9974721,9974762,1,
27,27,,,9974723,9974764,1,
33,33,,,9974723,9974764,1,
27,27,,,9974725,9974766,1,
33,33,,,9974725,9974766,1,
27,27,,,9974727,9974768,1,
33,33,,,9974727,9974768,1,
27,27,,,9974729,9974770,1,
33,33,,,9974729,9974770,1,
27,27,,,9974731,9974772,1,
33,33,,,9974731,9974772,1,
18,18,,,9974733,9974774,1,
27,27,,,9974733,9974774,1,
33,33,,,9974733,9974774,1,
33,33,,,9974734,9974776,1,
11,11,,,9974736,9974777,1,
18,18,,,9974736,9974777,1,
27,27,,,9974736,9974777,1,
33,33,,,9974736,9974777,1,
33,33,,,9974737,9974778,1,
74,74,,,9974821,9974781,1,
74,74,,,9974823,9974782,1,
74,74,,,9974825,9974784,1,
74,74,,,9974827,9974786,1,
74,74,,,9974831,9974790,1,
74,74,,,9974858,9974817,1,
94,94,,,9974863,9974825,1,
74,74,,,9974785,9974826,1,
94,94,,,9974862,9974826,1,
74,74,,,9974787,9974828,1,
94,94,,,9974865,9974829,1,
74,74,,,9974789,9974830,1,
94,94,,,9974864,9974830,1,
74,74,,,9974791,9974832,1,
94,94,,,9974867,9974833,1,
74,74,,,9974793,9974834,1,
94,94,,,9974866,9974834,1,
74,74,,,9974795,9974836,1,
74,74,,,9974797,9974838,1,
94,94,,,9974868,9974838,1,
74,74,,,9974799,9974840,1,
94,94,,,9974870,9974842,1,
74,74,,,9974803,9974844,1,
74,74,,,9974818,9974859,1,
94,94,,,9974824,9974862,1,
94,94,,,9974832,9974866,1,
94,94,,,9974836,9974868,1,
94,94,,,9974840,9974870,1,
94,94,,,9974844,9974872,1,
94,94,,,9974848,9974874,1,
94,94,,,9974852,9974876,1,
94,94,,,9974858,9974879,1,
140,140,,,9974600,9974881,1,
140,140,,,9974606,9974883,1,
140,140,,,9974612,9974885,1,
140,140,,,9974618,9974887,1,
140,140,,,9974620,9974888,1,
140,140,,,9974620,9974890,1,
140,140,,,9974630,9974893,1,
124,124,,,9983649,9983607,1,
124,124,,,9983650,9983608,1,
124,124,,,9983652,9983610,1,
124,124,,,9983654,9983612,1,
124,124,,,9983656,9983614,1,
124,124,,,9983658,9983616,1,
124,124,,,9983660,9983618,1,
124,124,,,9983662,9983620,1,
124,124,,,9983664,9983622,1,
124,124,,,9983666,9983624,1,
124,124,,,9983668,9983626,1,
124,124,,,9983670,9983628,1,
124,124,,,9983672,9983630,1,
124,124,,,9983674,9983632,1,
124,124,,,9983676,9983634,1,
124,124,,,9983678,9983636,1,
124,124,,,9983680,9983638,1,
124,124,,,9983682,9983640,1,
124,124,,,9983720,9983640,1,
124,124,,,9983684,9983642,1,
124,124,,,9983686,9983644,1,
124,124,,,9983688,9983645,1,
124,124,,,9983690,9983652,1,
124,124,,,9983611,9983653,1,
124,124,,,9983692,9983654,1,
124,124,,,9983613,9983655,1,
124,124,,,9983694,9983656,1,
131,131,,,9983727,9983656,1,
124,124,,,9983615,9983657,1,
124,124,,,9983696,9983658,1,
124,124,,,9983617,9983659,1,
124,124,,,9983698,9983660,1,
124,124,,,9983619,9983661,1,
124,124,,,9983700,9983662,1,
131,131,,,9983729,9983662,1,
124,124,,,9983621,9983663,1,
124,124,,,9983702,9983664,1,
124,124,,,9983623,9983665,1,
124,124,,,9983704,9983666,1,
124,124,,,9983625,9983667,1,
124,124,,,9983706,9983668,1,
131,131,,,9983731,9983668,1,
124,124,,,9983627,9983669,1,
124,124,,,9983708,9983670,1,
124,124,,,9983629,9983671,1,
124,124,,,9983710,9983672,1,
124,124,,,9983631,9983673,1,
124,124,,,9983712,9983674,1,
131,131,,,9983733,9983674,1,
124,124,,,9983633,9983675,1,
124,124,,,9983714,9983676,1,
140,140,,,9983945,9983676,1,
124,124,,,9983635,9983677,1,
124,124,,,9983716,9983678,1,
124,124,,,9983637,9983679,1,
124,124,,,9983718,9983680,1,
131,131,,,9983734,9983680,1,
124,124,,,9983639,9983681,1,
124,124,,,9983720,9983682,1,
124,124,,,9983641,9983683,1,
124,124,,,9983722,9983684,1,
124,124,,,9983643,9983685,1,
124,124,,,9983724,9983686,1,
124,124,,,9983646,9983687,1,
131,131,,,9983737,9983687,1,
124,124,,,9983651,9983689,1,
124,124,,,9983653,9983691,1,
124,124,,,9983655,9983693,1,
124,124,,,9983657,9983695,1,
124,124,,,9983659,9983697,1,
124,124,,,9983661,9983699,1,
124,124,,,9983663,9983701,1,
124,124,,,9983665,9983703,1,
124,124,,,9983667,9983705,1,
124,124,,,9983669,9983707,1,
124,124,,,9983671,9983709,1,
124,124,,,9983673,9983711,1,
124,124,,,9983675,9983713,1,
124,124,,,9983677,9983715,1,
124,124,,,9983679,9983717,1,
124,124,,,9983681,9983719,1,
124,124,,,9983683,9983721,1,
124,124,,,9983688,9983725,1,
131,131,,,9983655,9983726,1,
131,131,,,9983661,9983728,1,
131,131,,,9983667,9983730,1,
131,131,,,9983673,9983732,1,
131,131,,,9983681,9983735,1,
27,27,,,9983797,9983755,1,
33,33,,,9983797,9983755,1,
27,27,,,9983799,9983757,1,
33,33,,,9983799,9983757,1,
27,27,,,9983801,9983759,1,
33,33,,,9983801,9983759,1,
27,27,,,9983803,9983761,1,
33,33,,,9983803,9983761,1,
27,27,,,9983805,9983763,1,
33,33,,,9983805,9983763,1,
27,27,,,9983807,9983765,1,
33,33,,,9983807,9983765,1,
27,27,,,9983809,9983767,1,
33,33,,,9983809,9983767,1,
27,27,,,9983811,9983769,1,
33,33,,,9983811,9983769,1,
27,27,,,9983813,9983771,1,
33,33,,,9983813,9983771,1,
27,27,,,9983815,9983773,1,
33,33,,,9983815,9983773,1,
27,27,,,9983817,9983775,1,
33,33,,,9983817,9983775,1,
27,27,,,9983819,9983777,1,
33,33,,,9983819,9983777,1,
27,27,,,9983821,9983779,1,
33,33,,,9983821,9983779,1,
27,27,,,9983823,9983781,1,
33,33,,,9983823,9983781,1,
27,27,,,9983825,9983783,1,
33,33,,,9983825,9983783,1,
27,27,,,9983827,9983785,1,
33,33,,,9983827,9983785,1,
18,18,,,9983829,9983787,1,
27,27,,,9983829,9983787,1,
33,33,,,9983829,9983787,1,
33,33,,,9983751,9983793,1,
27,27,,,9983753,9983795,1,
33,33,,,9983753,9983795,1,
27,27,,,9983754,9983796,1,
33,33,,,9983754,9983796,1,
27,27,,,9983756,9983798,1,
33,33,,,9983756,9983798,1,
27,27,,,9983758,9983800,1,
33,33,,,9983758,9983800,1,
27,27,,,9983760,9983802,1,
33,33,,,9983760,9983802,1,
27,27,,,9983762,9983804,1,
33,33,,,9983762,9983804,1,
27,27,,,9983764,9983806,1,
33,33,,,9983764,9983806,1,
27,27,,,9983766,9983808,1,
33,33,,,9983766,9983808,1,
27,27,,,9983768,9983810,1,
33,33,,,9983768,9983810,1,
27,27,,,9983770,9983812,1,
33,33,,,9983770,9983812,1,
27,27,,,9983772,9983814,1,
33,33,,,9983772,9983814,1,
27,27,,,9983774,9983816,1,
33,33,,,9983774,9983816,1,
27,27,,,9983776,9983818,1,
33,33,,,9983776,9983818,1,
27,27,,,9983778,9983820,1,
33,33,,,9983778,9983820,1,
27,27,,,9983780,9983822,1,
33,33,,,9983780,9983822,1,
27,27,,,9983782,9983824,1,
33,33,,,9983782,9983824,1,
27,27,,,9983784,9983826,1,
33,33,,,9983784,9983826,1,
18,18,,,9983786,9983828,1,
27,27,,,9983786,9983828,1,
33,33,,,9983786,9983828,1,
33,33,,,9983787,9983830,1,
11,11,,,9983789,9983831,1,
18,18,,,9983789,9983831,1,
27,27,,,9983789,9983831,1,
33,33,,,9983789,9983831,1,
33,33,,,9983790,9983832,1,
74,74,,,9983874,9983833,1,
74,74,,,9983876,9983834,1,
74,74,,,9983878,9983836,1,
74,74,,,9983880,9983838,1,
74,74,,,9983884,9983842,1,
74,74,,,9983911,9983869,1,
74,74,,,9983837,9983879,1,
74,74,,,9983839,9983881,1,
74,74,,,9983841,9983883,1,
74,74,,,9983843,9983885,1,
74,74,,,9983845,9983887,1,
74,74,,,9983847,9983889,1,
74,74,,,9983849,9983891,1,
74,74,,,9983851,9983893,1,
74,74,,,9983855,9983897,1,
74,74,,,9983870,9983912,1,
140,140,,,9983673,9983942,1,
124,124,,,9984177,9984135,1,
124,124,,,9984178,9984136,1,
124,124,,,9984180,9984138,1,
124,124,,,9984182,9984140,1,
124,124,,,9984184,9984142,1,
124,124,,,9984186,9984144,1,
124,124,,,9984188,9984146,1,
124,124,,,9984190,9984148,1,
124,124,,,9984192,9984150,1,
124,124,,,9984194,9984152,1,
124,124,,,9984196,9984154,1,
124,124,,,9984198,9984156,1,
124,124,,,9984200,9984158,1,
124,124,,,9984202,9984160,1,
124,124,,,9984204,9984162,1,
124,124,,,9984206,9984164,1,
124,124,,,9984208,9984166,1,
124,124,,,9984210,9984168,1,
124,124,,,9984248,9984168,1,
124,124,,,9984212,9984170,1,
124,124,,,9984214,9984172,1,
124,124,,,9984216,9984173,1,
124,124,,,9984218,9984180,1,
124,124,,,9984139,9984181,1,
124,124,,,9984220,9984182,1,
140,140,,,9984461,9984182,1,
124,124,,,9984141,9984183,1,
124,124,,,9984222,9984184,1,
131,131,,,9984255,9984184,1,
140,140,,,9984463,9984184,1,
124,124,,,9984143,9984185,1,
124,124,,,9984224,9984186,1,
124,124,,,9984145,9984187,1,
124,124,,,9984226,9984188,1,
124,124,,,9984147,9984189,1,
124,124,,,9984228,9984190,1,
131,131,,,9984257,9984190,1,
140,140,,,9984465,9984190,1,
124,124,,,9984149,9984191,1,
124,124,,,9984230,9984192,1,
124,124,,,9984151,9984193,1,
124,124,,,9984232,9984194,1,
124,124,,,9984153,9984195,1,
124,124,,,9984234,9984196,1,
131,131,,,9984259,9984196,1,
140,140,,,9984467,9984196,1,
124,124,,,9984155,9984197,1,
124,124,,,9984236,9984198,1,
124,124,,,9984157,9984199,1,
124,124,,,9984238,9984200,1,
124,124,,,9984159,9984201,1,
124,124,,,9984240,9984202,1,
131,131,,,9984261,9984202,1,
140,140,,,9984470,9984202,1,
124,124,,,9984161,9984203,1,
124,124,,,9984242,9984204,1,
140,140,,,9984472,9984204,1,
124,124,,,9984163,9984205,1,
124,124,,,9984244,9984206,1,
124,124,,,9984165,9984207,1,
124,124,,,9984246,9984208,1,
131,131,,,9984262,9984208,1,
140,140,,,9984473,9984208,1,
124,124,,,9984167,9984209,1,
124,124,,,9984248,9984210,1,
124,124,,,9984169,9984211,1,
124,124,,,9984250,9984212,1,
124,124,,,9984171,9984213,1,
124,124,,,9984252,9984214,1,
140,140,,,9984475,9984214,1,
124,124,,,9984174,9984215,1,
131,131,,,9984265,9984215,1,
124,124,,,9984179,9984217,1,
124,124,,,9984181,9984219,1,
124,124,,,9984183,9984221,1,
124,124,,,9984185,9984223,1,
124,124,,,9984187,9984225,1,
124,124,,,9984189,9984227,1,
124,124,,,9984191,9984229,1,
124,124,,,9984193,9984231,1,
124,124,,,9984195,9984233,1,
124,124,,,9984197,9984235,1,
124,124,,,9984199,9984237,1,
124,124,,,9984201,9984239,1,
124,124,,,9984203,9984241,1,
124,124,,,9984205,9984243,1,
124,124,,,9984207,9984245,1,
124,124,,,9984209,9984247,1,
124,124,,,9984211,9984249,1,
124,124,,,9984216,9984253,1,
131,131,,,9984183,9984254,1,
131,131,,,9984189,9984256,1,
131,131,,,9984195,9984258,1,
131,131,,,9984201,9984260,1,
131,131,,,9984209,9984263,1,
27,27,,,9984324,9984283,1,
33,33,,,9984324,9984283,1,
27,27,,,9984326,9984285,1,
33,33,,,9984326,9984285,1,
27,27,,,9984328,9984287,1,
33,33,,,9984328,9984287,1,
27,27,,,9984330,9984289,1,
33,33,,,9984330,9984289,1,
27,27,,,9984332,9984291,1,
33,33,,,9984332,9984291,1,
27,27,,,9984334,9984293,1,
33,33,,,9984334,9984293,1,
27,27,,,9984336,9984295,1,
33,33,,,9984336,9984295,1,
27,27,,,9984338,9984297,1,
33,33,,,9984338,9984297,1,
27,27,,,9984340,9984299,1,
33,33,,,9984340,9984299,1,
27,27,,,9984342,9984301,1,
33,33,,,9984342,9984301,1,
27,27,,,9984344,9984303,1,
33,33,,,9984344,9984303,1,
27,27,,,9984346,9984305,1,
33,33,,,9984346,9984305,1,
27,27,,,9984348,9984307,1,
33,33,,,9984348,9984307,1,
27,27,,,9984350,9984309,1,
33,33,,,9984350,9984309,1,
27,27,,,9984352,9984311,1,
33,33,,,9984352,9984311,1,
27,27,,,9984354,9984313,1,
33,33,,,9984354,9984313,1,
18,18,,,9984356,9984315,1,
27,27,,,9984356,9984315,1,
33,33,,,9984356,9984315,1,
33,33,,,9984279,9984320,1,
27,27,,,9984281,9984322,1,
33,33,,,9984281,9984322,1,
27,27,,,9984282,9984323,1,
33,33,,,9984282,9984323,1,
27,27,,,9984284,9984325,1,
33,33,,,9984284,9984325,1,
27,27,,,9984286,9984327,1,
33,33,,,9984286,9984327,1,
27,27,,,9984288,9984329,1,
33,33,,,9984288,9984329,1,
27,27,,,9984290,9984331,1,
33,33,,,9984290,9984331,1,
27,27,,,9984292,9984333,1,
33,33,,,9984292,9984333,1,
27,27,,,9984294,9984335,1,
33,33,,,9984294,9984335,1,
27,27,,,9984296,9984337,1,
33,33,,,9984296,9984337,1,
27,27,,,9984298,9984339,1,
33,33,,,9984298,9984339,1,
27,27,,,9984300,9984341,1,
33,33,,,9984300,9984341,1,
27,27,,,9984302,9984343,1,
33,33,,,9984302,9984343,1,
27,27,,,9984304,9984345,1,
33,33,,,9984304,9984345,1,
27,27,,,9984306,9984347,1,
33,33,,,9984306,9984347,1,
27,27,,,9984308,9984349,1,
33,33,,,9984308,9984349,1,
27,27,,,9984310,9984351,1,
33,33,,,9984310,9984351,1,
27,27,,,9984312,9984353,1,
33,33,,,9984312,9984353,1,
18,18,,,9984314,9984355,1,
27,27,,,9984314,9984355,1,
33,33,,,9984314,9984355,1,
33,33,,,9984315,9984357,1,
11,11,,,9984317,9984358,1,
18,18,,,9984317,9984358,1,
27,27,,,9984317,9984358,1,
33,33,,,9984317,9984358,1,
33,33,,,9984318,9984359,1,
74,74,,,9984402,9984362,1,
74,74,,,9984404,9984363,1,
74,74,,,9984406,9984365,1,
74,74,,,9984408,9984367,1,
74,74,,,9984412,9984371,1,
74,74,,,9984439,9984398,1,
94,94,,,9984444,9984406,1,
74,74,,,9984366,9984407,1,
94,94,,,9984443,9984407,1,
74,74,,,9984368,9984409,1,
94,94,,,9984446,9984410,1,
74,74,,,9984370,9984411,1,
94,94,,,9984445,9984411,1,
74,74,,,9984372,9984413,1,
94,94,,,9984448,9984414,1,
74,74,,,9984374,9984415,1,
94,94,,,9984447,9984415,1,
74,74,,,9984376,9984417,1,
74,74,,,9984378,9984419,1,
94,94,,,9984449,9984419,1,
74,74,,,9984380,9984421,1,
94,94,,,9984451,9984423,1,
74,74,,,9984384,9984425,1,
74,74,,,9984399,9984440,1,
94,94,,,9984405,9984443,1,
94,94,,,9984413,9984447,1,
94,94,,,9984417,9984449,1,
94,94,,,9984421,9984451,1,
94,94,,,9984425,9984453,1,
94,94,,,9984429,9984455,1,
94,94,,,9984433,9984457,1,
94,94,,,9984439,9984460,1,
140,140,,,9984181,9984462,1,
140,140,,,9984187,9984464,1,
140,140,,,9984193,9984466,1,
140,140,,,9984201,9984469,1,
140,140,,,9984205,9984471,1,
140,140,,,9984211,9984474,1,
124,124,,,9984860,9984818,1,
124,124,,,9984861,9984819,1,
124,124,,,9984863,9984821,1,
124,124,,,9984865,9984823,1,
124,124,,,9984867,9984825,1,
124,124,,,9984869,9984827,1,
124,124,,,9984871,9984829,1,
124,124,,,9984873,9984831,1,
124,124,,,9984875,9984833,1,
124,124,,,9984877,9984835,1,
124,124,,,9984879,9984837,1,
124,124,,,9984881,9984839,1,
124,124,,,9984883,9984841,1,
124,124,,,9984885,9984843,1,
124,124,,,9984887,9984845,1,
124,124,,,9984889,9984847,1,
124,124,,,9984891,9984849,1,
124,124,,,9984893,9984851,1,
124,124,,,9984931,9984851,1,
124,124,,,9984895,9984853,1,
124,124,,,9984897,9984855,1,
124,124,,,9984899,9984856,1,
124,124,,,9984901,9984863,1,
124,124,,,9984822,9984864,1,
124,124,,,9984903,9984865,1,
140,140,,,9985144,9984865,1,
124,124,,,9984824,9984866,1,
124,124,,,9984905,9984867,1,
131,131,,,9984938,9984867,1,
140,140,,,9985146,9984867,1,
124,124,,,9984826,9984868,1,
124,124,,,9984907,9984869,1,
124,124,,,9984828,9984870,1,
124,124,,,9984909,9984871,1,
124,124,,,9984830,9984872,1,
124,124,,,9984911,9984873,1,
131,131,,,9984940,9984873,1,
140,140,,,9985148,9984873,1,
124,124,,,9984832,9984874,1,
124,124,,,9984913,9984875,1,
124,124,,,9984834,9984876,1,
124,124,,,9984915,9984877,1,
124,124,,,9984836,9984878,1,
124,124,,,9984917,9984879,1,
131,131,,,9984942,9984879,1,
140,140,,,9985150,9984879,1,
124,124,,,9984838,9984880,1,
124,124,,,9984919,9984881,1,
124,124,,,9984840,9984882,1,
124,124,,,9984921,9984883,1,
124,124,,,9984842,9984884,1,
124,124,,,9984923,9984885,1,
131,131,,,9984944,9984885,1,
140,140,,,9985153,9984885,1,
124,124,,,9984844,9984886,1,
124,124,,,9984925,9984887,1,
140,140,,,9985155,9984887,1,
124,124,,,9984846,9984888,1,
124,124,,,9984927,9984889,1,
124,124,,,9984848,9984890,1,
124,124,,,9984929,9984891,1,
131,131,,,9984945,9984891,1,
140,140,,,9985156,9984891,1,
124,124,,,9984850,9984892,1,
124,124,,,9984931,9984893,1,
124,124,,,9984852,9984894,1,
124,124,,,9984933,9984895,1,
124,124,,,9984854,9984896,1,
124,124,,,9984935,9984897,1,
140,140,,,9985158,9984897,1,
124,124,,,9984857,9984898,1,
131,131,,,9984948,9984898,1,
124,124,,,9984862,9984900,1,
124,124,,,9984864,9984902,1,
124,124,,,9984866,9984904,1,
124,124,,,9984868,9984906,1,
124,124,,,9984870,9984908,1,
124,124,,,9984872,9984910,1,
124,124,,,9984874,9984912,1,
124,124,,,9984876,9984914,1,
124,124,,,9984878,9984916,1,
124,124,,,9984880,9984918,1,
124,124,,,9984882,9984920,1,
124,124,,,9984884,9984922,1,
124,124,,,9984886,9984924,1,
124,124,,,9984888,9984926,1,
124,124,,,9984890,9984928,1,
124,124,,,9984892,9984930,1,
124,124,,,9984894,9984932,1,
124,124,,,9984899,9984936,1,
131,131,,,9984866,9984937,1,
131,131,,,9984872,9984939,1,
131,131,,,9984878,9984941,1,
131,131,,,9984884,9984943,1,
131,131,,,9984892,9984946,1,
27,27,,,9985007,9984966,1,
33,33,,,9985007,9984966,1,
27,27,,,9985009,9984968,1,
33,33,,,9985009,9984968,1,
27,27,,,9985011,9984970,1,
33,33,,,9985011,9984970,1,
27,27,,,9985013,9984972,1,
33,33,,,9985013,9984972,1,
27,27,,,9985015,9984974,1,
33,33,,,9985015,9984974,1,
27,27,,,9985017,9984976,1,
33,33,,,9985017,9984976,1,
27,27,,,9985019,9984978,1,
33,33,,,9985019,9984978,1,
27,27,,,9985021,9984980,1,
33,33,,,9985021,9984980,1,
27,27,,,9985023,9984982,1,
33,33,,,9985023,9984982,1,
27,27,,,9985025,9984984,1,
33,33,,,9985025,9984984,1,
27,27,,,9985027,9984986,1,
33,33,,,9985027,9984986,1,
27,27,,,9985029,9984988,1,
33,33,,,9985029,9984988,1,
27,27,,,9985031,9984990,1,
33,33,,,9985031,9984990,1,
27,27,,,9985033,9984992,1,
33,33,,,9985033,9984992,1,
27,27,,,9985035,9984994,1,
33,33,,,9985035,9984994,1,
27,27,,,9985037,9984996,1,
33,33,,,9985037,9984996,1,
18,18,,,9985039,9984998,1,
27,27,,,9985039,9984998,1,
33,33,,,9985039,9984998,1,
33,33,,,9984962,9985003,1,
27,27,,,9984964,9985005,1,
33,33,,,9984964,9985005,1,
27,27,,,9984965,9985006,1,
33,33,,,9984965,9985006,1,
27,27,,,9984967,9985008,1,
33,33,,,9984967,9985008,1,
27,27,,,9984969,9985010,1,
33,33,,,9984969,9985010,1,
27,27,,,9984971,9985012,1,
33,33,,,9984971,9985012,1,
27,27,,,9984973,9985014,1,
33,33,,,9984973,9985014,1,
27,27,,,9984975,9985016,1,
33,33,,,9984975,9985016,1,
27,27,,,9984977,9985018,1,
33,33,,,9984977,9985018,1,
27,27,,,9984979,9985020,1,
33,33,,,9984979,9985020,1,
27,27,,,9984981,9985022,1,
33,33,,,9984981,9985022,1,
27,27,,,9984983,9985024,1,
33,33,,,9984983,9985024,1,
27,27,,,9984985,9985026,1,
33,33,,,9984985,9985026,1,
27,27,,,9984987,9985028,1,
33,33,,,9984987,9985028,1,
27,27,,,9984989,9985030,1,
33,33,,,9984989,9985030,1,
27,27,,,9984991,9985032,1,
33,33,,,9984991,9985032,1,
27,27,,,9984993,9985034,1,
33,33,,,9984993,9985034,1,
27,27,,,9984995,9985036,1,
33,33,,,9984995,9985036,1,
18,18,,,9984997,9985038,1,
27,27,,,9984997,9985038,1,
33,33,,,9984997,9985038,1,
33,33,,,9984998,9985040,1,
11,11,,,9985000,9985041,1,
18,18,,,9985000,9985041,1,
27,27,,,9985000,9985041,1,
33,33,,,9985000,9985041,1,
33,33,,,9985001,9985042,1,
74,74,,,9985085,9985045,1,
74,74,,,9985087,9985046,1,
74,74,,,9985089,9985048,1,
74,74,,,9985091,9985050,1,
74,74,,,9985095,9985054,1,
74,74,,,9985122,9985081,1,
94,94,,,9985127,9985089,1,
74,74,,,9985049,9985090,1,
94,94,,,9985126,9985090,1,
74,74,,,9985051,9985092,1,
94,94,,,9985129,9985093,1,
74,74,,,9985053,9985094,1,
94,94,,,9985128,9985094,1,
74,74,,,9985055,9985096,1,
94,94,,,9985131,9985097,1,
74,74,,,9985057,9985098,1,
94,94,,,9985130,9985098,1,
74,74,,,9985059,9985100,1,
74,74,,,9985061,9985102,1,
94,94,,,9985132,9985102,1,
74,74,,,9985063,9985104,1,
94,94,,,9985134,9985106,1,
74,74,,,9985067,9985108,1,
74,74,,,9985082,9985123,1,
94,94,,,9985088,9985126,1,
94,94,,,9985096,9985130,1,
94,94,,,9985100,9985132,1,
94,94,,,9985104,9985134,1,
94,94,,,9985108,9985136,1,
94,94,,,9985112,9985138,1,
94,94,,,9985116,9985140,1,
94,94,,,9985122,9985143,1,
140,140,,,9984864,9985145,1,
140,140,,,9984870,9985147,1,
140,140,,,9984876,9985149,1,
140,140,,,9984882,9985151,1,
140,140,,,9984884,9985152,1,
140,140,,,9984884,9985154,1,
140,140,,,9984894,9985157,1,
124,124,,,9985543,9985501,1,
124,124,,,9985544,9985502,1,
124,124,,,9985546,9985504,1,
124,124,,,9985548,9985506,1,
124,124,,,9985550,9985508,1,
124,124,,,9985552,9985510,1,
124,124,,,9985554,9985512,1,
124,124,,,9985556,9985514,1,
124,124,,,9985558,9985516,1,
124,124,,,9985560,9985518,1,
124,124,,,9985562,9985520,1,
124,124,,,9985564,9985522,1,
124,124,,,9985566,9985524,1,
124,124,,,9985568,9985526,1,
124,124,,,9985570,9985528,1,
124,124,,,9985572,9985530,1,
124,124,,,9985574,9985532,1,
124,124,,,9985576,9985534,1,
124,124,,,9985614,9985534,1,
124,124,,,9985578,9985536,1,
124,124,,,9985580,9985538,1,
124,124,,,9985582,9985539,1,
124,124,,,9985584,9985546,1,
124,124,,,9985505,9985547,1,
124,124,,,9985586,9985548,1,
140,140,,,9985827,9985548,1,
124,124,,,9985507,9985549,1,
124,124,,,9985588,9985550,1,
131,131,,,9985621,9985550,1,
140,140,,,9985829,9985550,1,
124,124,,,9985509,9985551,1,
124,124,,,9985590,9985552,1,
124,124,,,9985511,9985553,1,
124,124,,,9985592,9985554,1,
124,124,,,9985513,9985555,1,
124,124,,,9985594,9985556,1,
131,131,,,9985623,9985556,1,
140,140,,,9985831,9985556,1,
124,124,,,9985515,9985557,1,
124,124,,,9985596,9985558,1,
124,124,,,9985517,9985559,1,
124,124,,,9985598,9985560,1,
124,124,,,9985519,9985561,1,
124,124,,,9985600,9985562,1,
131,131,,,9985625,9985562,1,
140,140,,,9985833,9985562,1,
124,124,,,9985521,9985563,1,
124,124,,,9985602,9985564,1,
124,124,,,9985523,9985565,1,
124,124,,,9985604,9985566,1,
124,124,,,9985525,9985567,1,
124,124,,,9985606,9985568,1,
131,131,,,9985627,9985568,1,
140,140,,,9985836,9985568,1,
124,124,,,9985527,9985569,1,
124,124,,,9985608,9985570,1,
140,140,,,9985838,9985570,1,
124,124,,,9985529,9985571,1,
124,124,,,9985610,9985572,1,
124,124,,,9985531,9985573,1,
124,124,,,9985612,9985574,1,
131,131,,,9985628,9985574,1,
140,140,,,9985839,9985574,1,
124,124,,,9985533,9985575,1,
124,124,,,9985614,9985576,1,
124,124,,,9985535,9985577,1,
124,124,,,9985616,9985578,1,
124,124,,,9985537,9985579,1,
124,124,,,9985618,9985580,1,
140,140,,,9985841,9985580,1,
124,124,,,9985540,9985581,1,
131,131,,,9985631,9985581,1,
124,124,,,9985545,9985583,1,
124,124,,,9985547,9985585,1,
124,124,,,9985549,9985587,1,
124,124,,,9985551,9985589,1,
124,124,,,9985553,9985591,1,
124,124,,,9985555,9985593,1,
124,124,,,9985557,9985595,1,
124,124,,,9985559,9985597,1,
124,124,,,9985561,9985599,1,
124,124,,,9985563,9985601,1,
124,124,,,9985565,9985603,1,
124,124,,,9985567,9985605,1,
124,124,,,9985569,9985607,1,
124,124,,,9985571,9985609,1,
124,124,,,9985573,9985611,1,
124,124,,,9985575,9985613,1,
124,124,,,9985577,9985615,1,
124,124,,,9985582,9985619,1,
131,131,,,9985549,9985620,1,
131,131,,,9985555,9985622,1,
131,131,,,9985561,9985624,1,
131,131,,,9985567,9985626,1,
131,131,,,9985575,9985629,1,
27,27,,,9985690,9985649,1,
33,33,,,9985690,9985649,1,
27,27,,,9985692,9985651,1,
33,33,,,9985692,9985651,1,
27,27,,,9985694,9985653,1,
33,33,,,9985694,9985653,1,
27,27,,,9985696,9985655,1,
33,33,,,9985696,9985655,1,
27,27,,,9985698,9985657,1,
33,33,,,9985698,9985657,1,
27,27,,,9985700,9985659,1,
33,33,,,9985700,9985659,1,
27,27,,,9985702,9985661,1,
33,33,,,9985702,9985661,1,
27,27,,,9985704,9985663,1,
33,33,,,9985704,9985663,1,
27,27,,,9985706,9985665,1,
33,33,,,9985706,9985665,1,
27,27,,,9985708,9985667,1,
33,33,,,9985708,9985667,1,
27,27,,,9985710,9985669,1,
33,33,,,9985710,9985669,1,
27,27,,,9985712,9985671,1,
33,33,,,9985712,9985671,1,
27,27,,,9985714,9985673,1,
33,33,,,9985714,9985673,1,
27,27,,,9985716,9985675,1,
33,33,,,9985716,9985675,1,
27,27,,,9985718,9985677,1,
33,33,,,9985718,9985677,1,
27,27,,,9985720,9985679,1,
33,33,,,9985720,9985679,1,
18,18,,,9985722,9985681,1,
27,27,,,9985722,9985681,1,
33,33,,,9985722,9985681,1,
33,33,,,9985645,9985686,1,
27,27,,,9985647,9985688,1,
33,33,,,9985647,9985688,1,
27,27,,,9985648,9985689,1,
33,33,,,9985648,9985689,1,
27,27,,,9985650,9985691,1,
33,33,,,9985650,9985691,1,
27,27,,,9985652,9985693,1,
33,33,,,9985652,9985693,1,
27,27,,,9985654,9985695,1,
33,33,,,9985654,9985695,1,
27,27,,,9985656,9985697,1,
33,33,,,9985656,9985697,1,
27,27,,,9985658,9985699,1,
33,33,,,9985658,9985699,1,
27,27,,,9985660,9985701,1,
33,33,,,9985660,9985701,1,
27,27,,,9985662,9985703,1,
33,33,,,9985662,9985703,1,
27,27,,,9985664,9985705,1,
33,33,,,9985664,9985705,1,
27,27,,,9985666,9985707,1,
33,33,,,9985666,9985707,1,
27,27,,,9985668,9985709,1,
33,33,,,9985668,9985709,1,
27,27,,,9985670,9985711,1,
33,33,,,9985670,9985711,1,
27,27,,,9985672,9985713,1,
33,33,,,9985672,9985713,1,
27,27,,,9985674,9985715,1,
33,33,,,9985674,9985715,1,
27,27,,,9985676,9985717,1,
33,33,,,9985676,9985717,1,
27,27,,,9985678,9985719,1,
33,33,,,9985678,9985719,1,
18,18,,,9985680,9985721,1,
27,27,,,9985680,9985721,1,
33,33,,,9985680,9985721,1,
33,33,,,9985681,9985723,1,
11,11,,,9985683,9985724,1,
18,18,,,9985683,9985724,1,
27,27,,,9985683,9985724,1,
33,33,,,9985683,9985724,1,
33,33,,,9985684,9985725,1,
74,74,,,9985768,9985728,1,
74,74,,,9985770,9985729,1,
74,74,,,9985772,9985731,1,
74,74,,,9985774,9985733,1,
74,74,,,9985778,9985737,1,
74,74,,,9985805,9985764,1,
94,94,,,9985810,9985772,1,
74,74,,,9985732,9985773,1,
94,94,,,9985809,9985773,1,
74,74,,,9985734,9985775,1,
94,94,,,9985812,9985776,1,
74,74,,,9985736,9985777,1,
94,94,,,9985811,9985777,1,
74,74,,,9985738,9985779,1,
94,94,,,9985814,9985780,1,
74,74,,,9985740,9985781,1,
94,94,,,9985813,9985781,1,
74,74,,,9985742,9985783,1,
74,74,,,9985744,9985785,1,
94,94,,,9985815,9985785,1,
74,74,,,9985746,9985787,1,
94,94,,,9985817,9985789,1,
74,74,,,9985750,9985791,1,
74,74,,,9985765,9985806,1,
94,94,,,9985771,9985809,1,
94,94,,,9985779,9985813,1,
94,94,,,9985783,9985815,1,
94,94,,,9985787,9985817,1,
94,94,,,9985791,9985819,1,
94,94,,,9985795,9985821,1,
94,94,,,9985799,9985823,1,
94,94,,,9985805,9985826,1,
140,140,,,9985547,9985828,1,
140,140,,,9985553,9985830,1,
140,140,,,9985559,9985832,1,
140,140,,,9985565,9985834,1,
140,140,,,9985567,9985835,1,
140,140,,,9985567,9985837,1,
140,140,,,9985577,9985840,1,
124,124,,,9986187,9986145,1,
124,124,,,9986188,9986146,1,
124,124,,,9986190,9986148,1,
124,124,,,9986192,9986150,1,
124,124,,,9986194,9986152,1,
124,124,,,9986196,9986154,1,
124,124,,,9986198,9986156,1,
124,124,,,9986200,9986158,1,
124,124,,,9986202,9986160,1,
124,124,,,9986204,9986162,1,
124,124,,,9986206,9986164,1,
124,124,,,9986208,9986166,1,
124,124,,,9986210,9986168,1,
124,124,,,9986212,9986170,1,
124,124,,,9986214,9986172,1,
124,124,,,9986216,9986174,1,
124,124,,,9986218,9986176,1,
124,124,,,9986220,9986178,1,
124,124,,,9986258,9986178,1,
124,124,,,9986222,9986180,1,
124,124,,,9986224,9986182,1,
124,124,,,9986226,9986183,1,
124,124,,,9986228,9986190,1,
124,124,,,9986149,9986191,1,
124,124,,,9986230,9986192,1,
140,140,,,9986472,9986192,1,
124,124,,,9986151,9986193,1,
124,124,,,9986232,9986194,1,
131,131,,,9986265,9986194,1,
140,140,,,9986474,9986194,1,
124,124,,,9986153,9986195,1,
124,124,,,9986234,9986196,1,
124,124,,,9986155,9986197,1,
124,124,,,9986236,9986198,1,
124,124,,,9986157,9986199,1,
124,124,,,9986238,9986200,1,
131,131,,,9986267,9986200,1,
140,140,,,9986476,9986200,1,
124,124,,,9986159,9986201,1,
124,124,,,9986240,9986202,1,
124,124,,,9986161,9986203,1,
124,124,,,9986242,9986204,1,
124,124,,,9986163,9986205,1,
124,124,,,9986244,9986206,1,
131,131,,,9986269,9986206,1,
140,140,,,9986478,9986206,1,
124,124,,,9986165,9986207,1,
124,124,,,9986246,9986208,1,
124,124,,,9986167,9986209,1,
124,124,,,9986248,9986210,1,
124,124,,,9986169,9986211,1,
124,124,,,9986250,9986212,1,
131,131,,,9986271,9986212,1,
140,140,,,9986481,9986212,1,
124,124,,,9986171,9986213,1,
124,124,,,9986252,9986214,1,
140,140,,,9986483,9986214,1,
124,124,,,9986173,9986215,1,
124,124,,,9986254,9986216,1,
124,124,,,9986175,9986217,1,
124,124,,,9986256,9986218,1,
131,131,,,9986272,9986218,1,
140,140,,,9986484,9986218,1,
124,124,,,9986177,9986219,1,
124,124,,,9986258,9986220,1,
124,124,,,9986179,9986221,1,
124,124,,,9986260,9986222,1,
124,124,,,9986181,9986223,1,
124,124,,,9986262,9986224,1,
140,140,,,9986486,9986224,1,
124,124,,,9986184,9986225,1,
131,131,,,9986275,9986225,1,
124,124,,,9986189,9986227,1,
124,124,,,9986191,9986229,1,
124,124,,,9986193,9986231,1,
124,124,,,9986195,9986233,1,
124,124,,,9986197,9986235,1,
124,124,,,9986199,9986237,1,
124,124,,,9986201,9986239,1,
124,124,,,9986203,9986241,1,
124,124,,,9986205,9986243,1,
124,124,,,9986207,9986245,1,
124,124,,,9986209,9986247,1,
124,124,,,9986211,9986249,1,
124,124,,,9986213,9986251,1,
124,124,,,9986215,9986253,1,
124,124,,,9986217,9986255,1,
124,124,,,9986219,9986257,1,
124,124,,,9986221,9986259,1,
124,124,,,9986226,9986263,1,
131,131,,,9986193,9986264,1,
131,131,,,9986199,9986266,1,
131,131,,,9986205,9986268,1,
131,131,,,9986211,9986270,1,
131,131,,,9986219,9986273,1,
27,27,,,9986336,9986294,1,
33,33,,,9986336,9986294,1,
27,27,,,9986338,9986296,1,
33,33,,,9986338,9986296,1,
27,27,,,9986340,9986298,1,
33,33,,,9986340,9986298,1,
27,27,,,9986342,9986300,1,
33,33,,,9986342,9986300,1,
27,27,,,9986344,9986302,1,
33,33,,,9986344,9986302,1,
27,27,,,9986346,9986304,1,
33,33,,,9986346,9986304,1,
27,27,,,9986348,9986306,1,
33,33,,,9986348,9986306,1,
27,27,,,9986350,9986308,1,
33,33,,,9986350,9986308,1,
27,27,,,9986352,9986310,1,
33,33,,,9986352,9986310,1,
27,27,,,9986354,9986312,1,
33,33,,,9986354,9986312,1,
27,27,,,9986356,9986314,1,
33,33,,,9986356,9986314,1,
27,27,,,9986358,9986316,1,
33,33,,,9986358,9986316,1,
27,27,,,9986360,9986318,1,
33,33,,,9986360,9986318,1,
27,27,,,9986362,9986320,1,
33,33,,,9986362,9986320,1,
27,27,,,9986364,9986322,1,
33,33,,,9986364,9986322,1,
27,27,,,9986366,9986324,1,
33,33,,,9986366,9986324,1,
18,18,,,9986368,9986326,1,
27,27,,,9986368,9986326,1,
33,33,,,9986368,9986326,1,
33,33,,,9986290,9986332,1,
27,27,,,9986292,9986334,1,
33,33,,,9986292,9986334,1,
27,27,,,9986293,9986335,1,
33,33,,,9986293,9986335,1,
27,27,,,9986295,9986337,1,
33,33,,,9986295,9986337,1,
27,27,,,9986297,9986339,1,
33,33,,,9986297,9986339,1,
27,27,,,9986299,9986341,1,
33,33,,,9986299,9986341,1,
27,27,,,9986301,9986343,1,
33,33,,,9986301,9986343,1,
27,27,,,9986303,9986345,1,
33,33,,,9986303,9986345,1,
27,27,,,9986305,9986347,1,
33,33,,,9986305,9986347,1,
27,27,,,9986307,9986349,1,
33,33,,,9986307,9986349,1,
27,27,,,9986309,9986351,1,
33,33,,,9986309,9986351,1,
27,27,,,9986311,9986353,1,
33,33,,,9986311,9986353,1,
27,27,,,9986313,9986355,1,
33,33,,,9986313,9986355,1,
27,27,,,9986315,9986357,1,
33,33,,,9986315,9986357,1,
27,27,,,9986317,9986359,1,
33,33,,,9986317,9986359,1,
27,27,,,9986319,9986361,1,
33,33,,,9986319,9986361,1,
27,27,,,9986321,9986363,1,
33,33,,,9986321,9986363,1,
27,27,,,9986323,9986365,1,
33,33,,,9986323,9986365,1,
18,18,,,9986325,9986367,1,
27,27,,,9986325,9986367,1,
33,33,,,9986325,9986367,1,
33,33,,,9986326,9986369,1,
11,11,,,9986328,9986370,1,
18,18,,,9986328,9986370,1,
27,27,,,9986328,9986370,1,
33,33,,,9986328,9986370,1,
33,33,,,9986329,9986371,1,
74,74,,,9986412,9986372,1,
74,74,,,9986414,9986373,1,
74,74,,,9986416,9986375,1,
74,74,,,9986418,9986377,1,
74,74,,,9986422,9986381,1,
74,74,,,9986449,9986408,1,
74,74,,,9986376,9986417,1,
74,74,,,9986378,9986419,1,
74,74,,,9986380,9986421,1,
74,74,,,9986382,9986423,1,
74,74,,,9986384,9986425,1,
74,74,,,9986386,9986427,1,
74,74,,,9986388,9986429,1,
74,74,,,9986390,9986431,1,
74,74,,,9986394,9986435,1,
74,74,,,9986409,9986450,1,
140,140,,,9986209,9986479,1,
140,140,,,9986211,9986480,1,
124,124,,,9986673,9986631,1,
124,124,,,9986674,9986632,1,
124,124,,,9986676,9986634,1,
124,124,,,9986678,9986636,1,
124,124,,,9986680,9986638,1,
124,124,,,9986682,9986640,1,
124,124,,,9986684,9986642,1,
124,124,,,9986686,9986644,1,
124,124,,,9986688,9986646,1,
124,124,,,9986690,9986648,1,
124,124,,,9986692,9986650,1,
124,124,,,9986694,9986652,1,
124,124,,,9986696,9986654,1,
124,124,,,9986698,9986656,1,
124,124,,,9986700,9986658,1,
124,124,,,9986702,9986660,1,
124,124,,,9986704,9986662,1,
124,124,,,9986706,9986664,1,
124,124,,,9986744,9986664,1,
124,124,,,9986708,9986666,1,
124,124,,,9986710,9986668,1,
124,124,,,9986712,9986669,1,
124,124,,,9986714,9986676,1,
124,124,,,9986635,9986677,1,
124,124,,,9986716,9986678,1,
124,124,,,9986637,9986679,1,
124,124,,,9986718,9986680,1,
124,124,,,9986639,9986681,1,
124,124,,,9986720,9986682,1,
124,124,,,9986641,9986683,1,
124,124,,,9986722,9986684,1,
124,124,,,9986643,9986685,1,
124,124,,,9986724,9986686,1,
124,124,,,9986645,9986687,1,
124,124,,,9986726,9986688,1,
124,124,,,9986647,9986689,1,
124,124,,,9986728,9986690,1,
124,124,,,9986649,9986691,1,
124,124,,,9986730,9986692,1,
124,124,,,9986651,9986693,1,
124,124,,,9986732,9986694,1,
124,124,,,9986653,9986695,1,
124,124,,,9986734,9986696,1,
124,124,,,9986655,9986697,1,
124,124,,,9986736,9986698,1,
124,124,,,9986657,9986699,1,
124,124,,,9986738,9986700,1,
140,140,,,9986957,9986700,1,
124,124,,,9986659,9986701,1,
124,124,,,9986740,9986702,1,
124,124,,,9986661,9986703,1,
124,124,,,9986742,9986704,1,
124,124,,,9986663,9986705,1,
124,124,,,9986744,9986706,1,
124,124,,,9986665,9986707,1,
124,124,,,9986746,9986708,1,
124,124,,,9986667,9986709,1,
124,124,,,9986748,9986710,1,
124,124,,,9986670,9986711,1,
124,124,,,9986675,9986713,1,
124,124,,,9986677,9986715,1,
124,124,,,9986679,9986717,1,
124,124,,,9986681,9986719,1,
124,124,,,9986683,9986721,1,
124,124,,,9986685,9986723,1,
124,124,,,9986687,9986725,1,
124,124,,,9986689,9986727,1,
124,124,,,9986691,9986729,1,
124,124,,,9986693,9986731,1,
124,124,,,9986695,9986733,1,
124,124,,,9986697,9986735,1,
124,124,,,9986699,9986737,1,
124,124,,,9986701,9986739,1,
124,124,,,9986703,9986741,1,
124,124,,,9986705,9986743,1,
124,124,,,9986707,9986745,1,
124,124,,,9986712,9986749,1,
27,27,,,9986809,9986767,1,
33,33,,,9986809,9986767,1,
27,27,,,9986811,9986769,1,
33,33,,,9986811,9986769,1,
27,27,,,9986813,9986771,1,
33,33,,,9986813,9986771,1,
27,27,,,9986815,9986773,1,
33,33,,,9986815,9986773,1,
27,27,,,9986817,9986775,1,
33,33,,,9986817,9986775,1,
27,27,,,9986819,9986777,1,
33,33,,,9986819,9986777,1,
27,27,,,9986821,9986779,1,
33,33,,,9986821,9986779,1,
27,27,,,9986823,9986781,1,
33,33,,,9986823,9986781,1,
27,27,,,9986825,9986783,1,
33,33,,,9986825,9986783,1,
27,27,,,9986827,9986785,1,
33,33,,,9986827,9986785,1,
27,27,,,9986829,9986787,1,
33,33,,,9986829,9986787,1,
27,27,,,9986831,9986789,1,
33,33,,,9986831,9986789,1,
27,27,,,9986833,9986791,1,
33,33,,,9986833,9986791,1,
27,27,,,9986835,9986793,1,
33,33,,,9986835,9986793,1,
27,27,,,9986837,9986795,1,
33,33,,,9986837,9986795,1,
27,27,,,9986839,9986797,1,
33,33,,,9986839,9986797,1,
18,18,,,9986841,9986799,1,
27,27,,,9986841,9986799,1,
33,33,,,9986841,9986799,1,
33,33,,,9986763,9986805,1,
27,27,,,9986765,9986807,1,
33,33,,,9986765,9986807,1,
33,33,,,9986766,9986808,1,
27,27,,,9986768,9986810,1,
33,33,,,9986768,9986810,1,
27,27,,,9986770,9986812,1,
33,33,,,9986770,9986812,1,
27,27,,,9986772,9986814,1,
33,33,,,9986772,9986814,1,
27,27,,,9986774,9986816,1,
33,33,,,9986774,9986816,1,
27,27,,,9986776,9986818,1,
33,33,,,9986776,9986818,1,
27,27,,,9986778,9986820,1,
33,33,,,9986778,9986820,1,
27,27,,,9986780,9986822,1,
33,33,,,9986780,9986822,1,
27,27,,,9986782,9986824,1,
33,33,,,9986782,9986824,1,
27,27,,,9986784,9986826,1,
33,33,,,9986784,9986826,1,
27,27,,,9986786,9986828,1,
33,33,,,9986786,9986828,1,
27,27,,,9986788,9986830,1,
33,33,,,9986788,9986830,1,
27,27,,,9986790,9986832,1,
33,33,,,9986790,9986832,1,
27,27,,,9986792,9986834,1,
33,33,,,9986792,9986834,1,
27,27,,,9986794,9986836,1,
33,33,,,9986794,9986836,1,
27,27,,,9986796,9986838,1,
33,33,,,9986796,9986838,1,
18,18,,,9986798,9986840,1,
27,27,,,9986798,9986840,1,
33,33,,,9986798,9986840,1,
33,33,,,9986799,9986842,1,
11,11,,,9986801,9986843,1,
18,18,,,9986801,9986843,1,
27,27,,,9986801,9986843,1,
33,33,,,9986801,9986843,1,
33,33,,,9986802,9986844,1,
74,74,,,9986886,9986845,1,
74,74,,,9986888,9986846,1,
74,74,,,9986890,9986848,1,
74,74,,,9986892,9986850,1,
74,74,,,9986896,9986854,1,
74,74,,,9986923,9986881,1,
74,74,,,9986849,9986891,1,
74,74,,,9986851,9986893,1,
74,74,,,9986853,9986895,1,
74,74,,,9986855,9986897,1,
74,74,,,9986857,9986899,1,
74,74,,,9986859,9986901,1,
74,74,,,9986861,9986903,1,
74,74,,,9986863,9986905,1,
74,74,,,9986867,9986909,1,
74,74,,,9986882,9986924,1,
140,140,,,9986697,9986954,1,
124,124,,,9987241,9987184,1,
124,124,,,9987242,9987185,1,
124,124,,,9987244,9987187,1,
124,124,,,9987246,9987191,1,
124,124,,,9987248,9987193,1,
124,124,,,9987249,9987195,1,
124,124,,,9987251,9987198,1,
124,124,,,9987253,9987200,1,
124,124,,,9987255,9987202,1,
124,124,,,9987257,9987204,1,
124,124,,,9987259,9987206,1,
124,124,,,9987262,9987209,1,
124,124,,,9987266,9987213,1,
124,124,,,9987270,9987217,1,
124,124,,,9987272,9987219,1,
124,124,,,9987274,9987221,1,
124,124,,,9987276,9987223,1,
124,124,,,9987278,9987225,1,
124,124,,,9987281,9987228,1,
124,124,,,9987283,9987230,1,
124,124,,,9987285,9987232,1,
124,124,,,9987323,9987232,1,
124,124,,,9987287,9987234,1,
124,124,,,9987289,9987236,1,
124,124,,,9987291,9987237,1,
124,124,,,9987293,9987244,1,
124,124,,,9987188,9987245,1,
124,124,,,9987295,9987246,1,
124,124,,,9987192,9987247,1,
124,124,,,9987297,9987249,1,
124,124,,,9987196,9987250,1,
124,124,,,9987299,9987251,1,
124,124,,,9987199,9987252,1,
124,124,,,9987301,9987253,1,
124,124,,,9987201,9987254,1,
124,124,,,9987303,9987255,1,
124,124,,,9987203,9987256,1,
124,124,,,9987305,9987257,1,
124,124,,,9987205,9987258,1,
124,124,,,9987307,9987259,1,
124,124,,,9987207,9987260,1,
124,124,,,9987309,9987262,1,
124,124,,,9987210,9987263,1,
124,124,,,9987212,9987265,1,
124,124,,,9987311,9987266,1,
124,124,,,9987214,9987267,1,
124,124,,,9987216,9987269,1,
124,124,,,9987313,9987270,1,
124,124,,,9987218,9987271,1,
124,124,,,9987220,9987273,1,
124,124,,,9987315,9987274,1,
124,124,,,9987222,9987275,1,
124,124,,,9987224,9987277,1,
124,124,,,9987317,9987278,1,
124,124,,,9987226,9987279,1,
124,124,,,9987227,9987280,1,
124,124,,,9987319,9987281,1,
124,124,,,9987229,9987282,1,
124,124,,,9987321,9987283,1,
124,124,,,9987231,9987284,1,
124,124,,,9987323,9987285,1,
124,124,,,9987233,9987286,1,
124,124,,,9987325,9987287,1,
124,124,,,9987235,9987288,1,
124,124,,,9987327,9987289,1,
124,124,,,9987238,9987290,1,
124,124,,,9987243,9987292,1,
124,124,,,9987245,9987294,1,
124,124,,,9987247,9987296,1,
124,124,,,9987250,9987298,1,
124,124,,,9987252,9987300,1,
124,124,,,9987254,9987302,1,
124,124,,,9987256,9987304,1,
124,124,,,9987258,9987306,1,
124,124,,,9987260,9987308,1,
124,124,,,9987263,9987310,1,
124,124,,,9987267,9987312,1,
124,124,,,9987271,9987314,1,
124,124,,,9987275,9987316,1,
124,124,,,9987279,9987318,1,
124,124,,,9987282,9987320,1,
124,124,,,9987284,9987322,1,
124,124,,,9987286,9987324,1,
124,124,,,9987291,9987328,1,
27,27,,,9987401,9987343,1,
33,33,,,9987401,9987343,1,
27,27,,,9987404,9987348,1,
33,33,,,9987404,9987348,1,
27,27,,,9987406,9987352,1,
33,33,,,9987406,9987352,1,
27,27,,,9987408,9987356,1,
33,33,,,9987408,9987356,1,
27,27,,,9987410,9987359,1,
33,33,,,9987410,9987359,1,
27,27,,,9987412,9987361,1,
33,33,,,9987412,9987361,1,
27,27,,,9987414,9987363,1,
33,33,,,9987414,9987363,1,
27,27,,,9987416,9987365,1,
33,33,,,9987416,9987365,1,
27,27,,,9987418,9987367,1,
33,33,,,9987418,9987367,1,
27,27,,,9987420,9987370,1,
33,33,,,9987420,9987370,1,
27,27,,,9987423,9987374,1,
33,33,,,9987423,9987374,1,
27,27,,,9987427,9987378,1,
33,33,,,9987427,9987378,1,
27,27,,,9987430,9987382,1,
33,33,,,9987430,9987382,1,
27,27,,,9987432,9987386,1,
33,33,,,9987432,9987386,1,
27,27,,,9987434,9987389,1,
33,33,,,9987434,9987389,1,
27,27,,,9987436,9987391,1,
33,33,,,9987436,9987391,1,
27,27,,,9987438,9987393,1,
33,33,,,9987438,9987393,1,
18,18,,,9987440,9987395,1,
27,27,,,9987440,9987395,1,
33,33,,,9987440,9987395,1,
33,33,,,9987342,9987400,1,
27,27,,,9987345,9987402,1,
33,33,,,9987345,9987402,1,
27,27,,,9987347,9987403,1,
33,33,,,9987347,9987403,1,
27,27,,,9987351,9987405,1,
33,33,,,9987351,9987405,1,
27,27,,,9987355,9987407,1,
33,33,,,9987355,9987407,1,
27,27,,,9987358,9987409,1,
33,33,,,9987358,9987409,1,
27,27,,,9987360,9987411,1,
33,33,,,9987360,9987411,1,
27,27,,,9987362,9987413,1,
33,33,,,9987362,9987413,1,
27,27,,,9987364,9987415,1,
33,33,,,9987364,9987415,1,
27,27,,,9987366,9987417,1,
33,33,,,9987366,9987417,1,
27,27,,,9987369,9987419,1,
33,33,,,9987369,9987419,1,
27,27,,,9987371,9987421,1,
33,33,,,9987371,9987421,1,
27,27,,,9987373,9987422,1,
33,33,,,9987373,9987422,1,
27,27,,,9987375,9987424,1,
33,33,,,9987375,9987424,1,
27,27,,,9987377,9987426,1,
33,33,,,9987377,9987426,1,
27,27,,,9987379,9987428,1,
33,33,,,9987379,9987428,1,
27,27,,,9987381,9987429,1,
33,33,,,9987381,9987429,1,
27,27,,,9987385,9987431,1,
33,33,,,9987385,9987431,1,
27,27,,,9987388,9987433,1,
33,33,,,9987388,9987433,1,
27,27,,,9987390,9987435,1,
33,33,,,9987390,9987435,1,
27,27,,,9987392,9987437,1,
33,33,,,9987392,9987437,1,
18,18,,,9987394,9987439,1,
27,27,,,9987394,9987439,1,
33,33,,,9987394,9987439,1,
33,33,,,9987395,9987441,1,
11,11,,,9987397,9987442,1,
18,18,,,9987397,9987442,1,
27,27,,,9987397,9987442,1,
33,33,,,9987397,9987442,1,
33,33,,,9987398,9987443,1,
74,74,,,9987503,9987447,1,
74,74,,,9987505,9987449,1,
74,74,,,9987507,9987453,1,
74,74,,,9987509,9987457,1,
74,74,,,9987513,9987462,1,
74,74,,,9987526,9987477,1,
74,74,,,9987530,9987481,1,
74,74,,,9987534,9987485,1,
74,74,,,9987548,9987499,1,
94,94,,,9987128,9987505,1,
94,94,,,9987553,9987507,1,
74,74,,,9987454,9987508,1,
94,94,,,9987552,9987508,1,
74,74,,,9987458,9987510,1,
94,94,,,9987555,9987511,1,
74,74,,,9987461,9987512,1,
94,94,,,9987554,9987512,1,
74,74,,,9987463,9987514,1,
94,94,,,9987557,9987515,1,
74,74,,,9987465,9987516,1,
94,94,,,9987556,9987516,1,
74,74,,,9987467,9987518,1,
74,74,,,9987469,9987520,1,
94,94,,,9987558,9987520,1,
74,74,,,9987472,9987522,1,
74,74,,,9987474,9987523,1,
94,94,,,9987560,9987525,1,
74,74,,,9987500,9987549,1,
94,94,,,9987548,9987569,1,
124,124,,,9988068,9988011,1,
124,124,,,9988069,9988012,1,
124,124,,,9988071,9988014,1,
124,124,,,9988073,9988018,1,
124,124,,,9988075,9988020,1,
124,124,,,9988076,9988022,1,
124,124,,,9988078,9988025,1,
124,124,,,9988080,9988027,1,
124,124,,,9988082,9988029,1,
124,124,,,9988084,9988031,1,
124,124,,,9988086,9988033,1,
124,124,,,9988089,9988036,1,
124,124,,,9988093,9988040,1,
124,124,,,9988097,9988044,1,
124,124,,,9988099,9988046,1,
124,124,,,9988101,9988048,1,
124,124,,,9988103,9988050,1,
124,124,,,9988105,9988052,1,
124,124,,,9988108,9988055,1,
124,124,,,9988110,9988057,1,
124,124,,,9988112,9988059,1,
124,124,,,9988150,9988059,1,
124,124,,,9988114,9988061,1,
124,124,,,9988116,9988063,1,
124,124,,,9988118,9988064,1,
124,124,,,9988120,9988071,1,
124,124,,,9988015,9988072,1,
124,124,,,9988122,9988073,1,
124,124,,,9988019,9988074,1,
124,124,,,9988124,9988076,1,
124,124,,,9988023,9988077,1,
124,124,,,9988126,9988078,1,
124,124,,,9988026,9988079,1,
124,124,,,9988128,9988080,1,
124,124,,,9988028,9988081,1,
124,124,,,9988130,9988082,1,
124,124,,,9988030,9988083,1,
124,124,,,9988132,9988084,1,
124,124,,,9988032,9988085,1,
124,124,,,9988134,9988086,1,
124,124,,,9988034,9988087,1,
124,124,,,9988136,9988089,1,
124,124,,,9988037,9988090,1,
124,124,,,9988039,9988092,1,
124,124,,,9988138,9988093,1,
124,124,,,9988041,9988094,1,
124,124,,,9988043,9988096,1,
124,124,,,9988140,9988097,1,
124,124,,,9988045,9988098,1,
124,124,,,9988047,9988100,1,
124,124,,,9988142,9988101,1,
124,124,,,9988049,9988102,1,
124,124,,,9988051,9988104,1,
124,124,,,9988144,9988105,1,
124,124,,,9988053,9988106,1,
124,124,,,9988054,9988107,1,
124,124,,,9988146,9988108,1,
124,124,,,9988056,9988109,1,
124,124,,,9988148,9988110,1,
124,124,,,9988058,9988111,1,
124,124,,,9988150,9988112,1,
124,124,,,9988060,9988113,1,
124,124,,,9988152,9988114,1,
124,124,,,9988062,9988115,1,
124,124,,,9988154,9988116,1,
124,124,,,9988065,9988117,1,
124,124,,,9988070,9988119,1,
124,124,,,9988072,9988121,1,
124,124,,,9988074,9988123,1,
124,124,,,9988077,9988125,1,
124,124,,,9988079,9988127,1,
124,124,,,9988081,9988129,1,
124,124,,,9988083,9988131,1,
124,124,,,9988085,9988133,1,
124,124,,,9988087,9988135,1,
124,124,,,9988090,9988137,1,
124,124,,,9988094,9988139,1,
124,124,,,9988098,9988141,1,
124,124,,,9988102,9988143,1,
124,124,,,9988106,9988145,1,
124,124,,,9988109,9988147,1,
124,124,,,9988111,9988149,1,
124,124,,,9988113,9988151,1,
124,124,,,9988118,9988155,1,
27,27,,,9988228,9988170,1,
33,33,,,9988228,9988170,1,
27,27,,,9988231,9988175,1,
33,33,,,9988231,9988175,1,
27,27,,,9988233,9988179,1,
33,33,,,9988233,9988179,1,
27,27,,,9988235,9988183,1,
33,33,,,9988235,9988183,1,
27,27,,,9988237,9988186,1,
33,33,,,9988237,9988186,1,
27,27,,,9988239,9988188,1,
33,33,,,9988239,9988188,1,
27,27,,,9988241,9988190,1,
33,33,,,9988241,9988190,1,
27,27,,,9988243,9988192,1,
33,33,,,9988243,9988192,1,
27,27,,,9988245,9988194,1,
33,33,,,9988245,9988194,1,
27,27,,,9988247,9988197,1,
33,33,,,9988247,9988197,1,
27,27,,,9988250,9988201,1,
33,33,,,9988250,9988201,1,
27,27,,,9988254,9988205,1,
33,33,,,9988254,9988205,1,
27,27,,,9988257,9988209,1,
33,33,,,9988257,9988209,1,
27,27,,,9988259,9988213,1,
33,33,,,9988259,9988213,1,
27,27,,,9988261,9988216,1,
33,33,,,9988261,9988216,1,
27,27,,,9988263,9988218,1,
33,33,,,9988263,9988218,1,
27,27,,,9988265,9988220,1,
33,33,,,9988265,9988220,1,
18,18,,,9988267,9988222,1,
27,27,,,9988267,9988222,1,
33,33,,,9988267,9988222,1,
33,33,,,9988169,9988227,1,
27,27,,,9988172,9988229,1,
33,33,,,9988172,9988229,1,
27,27,,,9988174,9988230,1,
33,33,,,9988174,9988230,1,
27,27,,,9988178,9988232,1,
33,33,,,9988178,9988232,1,
27,27,,,9988182,9988234,1,
33,33,,,9988182,9988234,1,
27,27,,,9988185,9988236,1,
33,33,,,9988185,9988236,1,
27,27,,,9988187,9988238,1,
33,33,,,9988187,9988238,1,
27,27,,,9988189,9988240,1,
33,33,,,9988189,9988240,1,
27,27,,,9988191,9988242,1,
33,33,,,9988191,9988242,1,
27,27,,,9988193,9988244,1,
33,33,,,9988193,9988244,1,
27,27,,,9988196,9988246,1,
33,33,,,9988196,9988246,1,
27,27,,,9988198,9988248,1,
33,33,,,9988198,9988248,1,
27,27,,,9988200,9988249,1,
33,33,,,9988200,9988249,1,
27,27,,,9988202,9988251,1,
33,33,,,9988202,9988251,1,
27,27,,,9988204,9988253,1,
33,33,,,9988204,9988253,1,
27,27,,,9988206,9988255,1,
33,33,,,9988206,9988255,1,
27,27,,,9988208,9988256,1,
33,33,,,9988208,9988256,1,
27,27,,,9988212,9988258,1,
33,33,,,9988212,9988258,1,
27,27,,,9988215,9988260,1,
33,33,,,9988215,9988260,1,
27,27,,,9988217,9988262,1,
33,33,,,9988217,9988262,1,
27,27,,,9988219,9988264,1,
33,33,,,9988219,9988264,1,
18,18,,,9988221,9988266,1,
27,27,,,9988221,9988266,1,
33,33,,,9988221,9988266,1,
33,33,,,9988222,9988268,1,
18,18,,,9988224,9988269,1,
27,27,,,9988224,9988269,1,
33,33,,,9988224,9988269,1,
33,33,,,9988225,9988270,1,
74,74,,,9988330,9988274,1,
74,74,,,9988332,9988276,1,
74,74,,,9988334,9988280,1,
74,74,,,9988336,9988284,1,
74,74,,,9988340,9988289,1,
74,74,,,9988353,9988304,1,
74,74,,,9988357,9988308,1,
74,74,,,9988361,9988312,1,
74,74,,,9988375,9988326,1,
94,94,,,9987931,9988332,1,
94,94,,,9988380,9988334,1,
74,74,,,9988281,9988335,1,
94,94,,,9988379,9988335,1,
74,74,,,9988285,9988337,1,
94,94,,,9988382,9988338,1,
74,74,,,9988288,9988339,1,
94,94,,,9988381,9988339,1,
74,74,,,9988290,9988341,1,
94,94,,,9988384,9988342,1,
74,74,,,9988292,9988343,1,
94,94,,,9988383,9988343,1,
74,74,,,9988294,9988345,1,
74,74,,,9988296,9988347,1,
94,94,,,9988385,9988347,1,
74,74,,,9988299,9988349,1,
74,74,,,9988301,9988350,1,
94,94,,,9988387,9988352,1,
74,74,,,9988327,9988376,1,
94,94,,,9988375,9988396,1,
124,124,,,9988846,9988789,1,
124,124,,,9988847,9988790,1,
124,124,,,9988849,9988792,1,
124,124,,,9988851,9988796,1,
124,124,,,9988853,9988798,1,
124,124,,,9988854,9988800,1,
124,124,,,9988856,9988803,1,
124,124,,,9988858,9988805,1,
124,124,,,9988860,9988807,1,
124,124,,,9988862,9988809,1,
124,124,,,9988864,9988811,1,
124,124,,,9988867,9988814,1,
124,124,,,9988871,9988818,1,
124,124,,,9988875,9988822,1,
124,124,,,9988877,9988824,1,
124,124,,,9988879,9988826,1,
124,124,,,9988881,9988828,1,
124,124,,,9988883,9988830,1,
124,124,,,9988886,9988833,1,
124,124,,,9988888,9988835,1,
124,124,,,9988890,9988837,1,
124,124,,,9988928,9988837,1,
124,124,,,9988892,9988839,1,
124,124,,,9988894,9988841,1,
124,124,,,9988896,9988842,1,
124,124,,,9988898,9988849,1,
124,124,,,9988793,9988850,1,
124,124,,,9988900,9988851,1,
124,124,,,9988797,9988852,1,
124,124,,,9988902,9988854,1,
124,124,,,9988801,9988855,1,
124,124,,,9988904,9988856,1,
124,124,,,9988804,9988857,1,
124,124,,,9988906,9988858,1,
124,124,,,9988806,9988859,1,
124,124,,,9988908,9988860,1,
124,124,,,9988808,9988861,1,
124,124,,,9988910,9988862,1,
124,124,,,9988810,9988863,1,
124,124,,,9988912,9988864,1,
124,124,,,9988812,9988865,1,
124,124,,,9988914,9988867,1,
124,124,,,9988815,9988868,1,
124,124,,,9988817,9988870,1,
124,124,,,9988916,9988871,1,
124,124,,,9988819,9988872,1,
124,124,,,9988821,9988874,1,
124,124,,,9988918,9988875,1,
124,124,,,9988823,9988876,1,
124,124,,,9988825,9988878,1,
124,124,,,9988920,9988879,1,
124,124,,,9988827,9988880,1,
124,124,,,9988829,9988882,1,
124,124,,,9988922,9988883,1,
124,124,,,9988831,9988884,1,
124,124,,,9988832,9988885,1,
124,124,,,9988924,9988886,1,
124,124,,,9988834,9988887,1,
124,124,,,9988926,9988888,1,
124,124,,,9988836,9988889,1,
124,124,,,9988928,9988890,1,
124,124,,,9988838,9988891,1,
124,124,,,9988930,9988892,1,
124,124,,,9988840,9988893,1,
124,124,,,9988932,9988894,1,
124,124,,,9988843,9988895,1,
124,124,,,9988848,9988897,1,
124,124,,,9988850,9988899,1,
124,124,,,9988852,9988901,1,
124,124,,,9988855,9988903,1,
124,124,,,9988857,9988905,1,
124,124,,,9988859,9988907,1,
124,124,,,9988861,9988909,1,
124,124,,,9988863,9988911,1,
124,124,,,9988865,9988913,1,
124,124,,,9988868,9988915,1,
124,124,,,9988872,9988917,1,
124,124,,,9988876,9988919,1,
124,124,,,9988880,9988921,1,
124,124,,,9988884,9988923,1,
124,124,,,9988887,9988925,1,
124,124,,,9988889,9988927,1,
124,124,,,9988891,9988929,1,
124,124,,,9988896,9988933,1,
27,27,,,9989006,9988948,1,
33,33,,,9989006,9988948,1,
27,27,,,9989009,9988953,1,
33,33,,,9989009,9988953,1,
27,27,,,9989011,9988957,1,
33,33,,,9989011,9988957,1,
27,27,,,9989013,9988961,1,
33,33,,,9989013,9988961,1,
27,27,,,9989015,9988964,1,
33,33,,,9989015,9988964,1,
27,27,,,9989017,9988966,1,
33,33,,,9989017,9988966,1,
27,27,,,9989019,9988968,1,
33,33,,,9989019,9988968,1,
27,27,,,9989021,9988970,1,
33,33,,,9989021,9988970,1,
27,27,,,9989023,9988972,1,
33,33,,,9989023,9988972,1,
27,27,,,9989025,9988975,1,
33,33,,,9989025,9988975,1,
27,27,,,9989028,9988979,1,
33,33,,,9989028,9988979,1,
27,27,,,9989032,9988983,1,
33,33,,,9989032,9988983,1,
27,27,,,9989035,9988987,1,
33,33,,,9989035,9988987,1,
27,27,,,9989037,9988991,1,
33,33,,,9989037,9988991,1,
27,27,,,9989039,9988994,1,
33,33,,,9989039,9988994,1,
27,27,,,9989041,9988996,1,
33,33,,,9989041,9988996,1,
27,27,,,9989043,9988998,1,
33,33,,,9989043,9988998,1,
18,18,,,9989045,9989000,1,
27,27,,,9989045,9989000,1,
33,33,,,9989045,9989000,1,
33,33,,,9988947,9989005,1,
27,27,,,9988950,9989007,1,
33,33,,,9988950,9989007,1,
27,27,,,9988952,9989008,1,
33,33,,,9988952,9989008,1,
27,27,,,9988956,9989010,1,
33,33,,,9988956,9989010,1,
27,27,,,9988960,9989012,1,
33,33,,,9988960,9989012,1,
27,27,,,9988963,9989014,1,
33,33,,,9988963,9989014,1,
27,27,,,9988965,9989016,1,
33,33,,,9988965,9989016,1,
27,27,,,9988967,9989018,1,
33,33,,,9988967,9989018,1,
27,27,,,9988969,9989020,1,
33,33,,,9988969,9989020,1,
27,27,,,9988971,9989022,1,
33,33,,,9988971,9989022,1,
27,27,,,9988974,9989024,1,
33,33,,,9988974,9989024,1,
27,27,,,9988976,9989026,1,
33,33,,,9988976,9989026,1,
27,27,,,9988978,9989027,1,
33,33,,,9988978,9989027,1,
27,27,,,9988980,9989029,1,
33,33,,,9988980,9989029,1,
27,27,,,9988982,9989031,1,
33,33,,,9988982,9989031,1,
27,27,,,9988984,9989033,1,
33,33,,,9988984,9989033,1,
27,27,,,9988986,9989034,1,
33,33,,,9988986,9989034,1,
27,27,,,9988990,9989036,1,
33,33,,,9988990,9989036,1,
27,27,,,9988993,9989038,1,
33,33,,,9988993,9989038,1,
27,27,,,9988995,9989040,1,
33,33,,,9988995,9989040,1,
27,27,,,9988997,9989042,1,
33,33,,,9988997,9989042,1,
18,18,,,9988999,9989044,1,
27,27,,,9988999,9989044,1,
33,33,,,9988999,9989044,1,
33,33,,,9989000,9989046,1,
18,18,,,9989002,9989047,1,
27,27,,,9989002,9989047,1,
33,33,,,9989002,9989047,1,
33,33,,,9989003,9989048,1,
74,74,,,9989108,9989052,1,
74,74,,,9989110,9989054,1,
74,74,,,9989112,9989058,1,
74,74,,,9989114,9989062,1,
74,74,,,9989118,9989067,1,
74,74,,,9989131,9989082,1,
74,74,,,9989135,9989086,1,
74,74,,,9989139,9989090,1,
74,74,,,9989153,9989104,1,
94,94,,,9988733,9989110,1,
94,94,,,9989158,9989112,1,
74,74,,,9989059,9989113,1,
94,94,,,9989157,9989113,1,
74,74,,,9989063,9989115,1,
94,94,,,9989160,9989116,1,
74,74,,,9989066,9989117,1,
94,94,,,9989159,9989117,1,
74,74,,,9989068,9989119,1,
94,94,,,9989162,9989120,1,
74,74,,,9989070,9989121,1,
94,94,,,9989161,9989121,1,
74,74,,,9989072,9989123,1,
74,74,,,9989074,9989125,1,
94,94,,,9989163,9989125,1,
74,74,,,9989077,9989127,1,
74,74,,,9989079,9989128,1,
94,94,,,9989165,9989130,1,
74,74,,,9989105,9989154,1,
94,94,,,9989153,9989174,1,
124,124,,,9989563,9989521,1,
124,124,,,9989564,9989522,1,
124,124,,,9989566,9989524,1,
124,124,,,9989568,9989526,1,
124,124,,,9989570,9989528,1,
124,124,,,9989572,9989530,1,
124,124,,,9989574,9989532,1,
124,124,,,9989576,9989534,1,
124,124,,,9989578,9989536,1,
124,124,,,9989580,9989538,1,
124,124,,,9989582,9989540,1,
124,124,,,9989584,9989542,1,
124,124,,,9989586,9989544,1,
124,124,,,9989588,9989546,1,
124,124,,,9989590,9989548,1,
124,124,,,9989592,9989550,1,
124,124,,,9989594,9989552,1,
124,124,,,9989596,9989554,1,
124,124,,,9989634,9989554,1,
124,124,,,9989598,9989556,1,
124,124,,,9989600,9989558,1,
124,124,,,9989602,9989559,1,
124,124,,,9989604,9989566,1,
124,124,,,9989525,9989567,1,
124,124,,,9989606,9989568,1,
140,140,,,9989838,9989568,1,
124,124,,,9989527,9989569,1,
124,124,,,9989608,9989570,1,
131,131,,,9989641,9989570,1,
140,140,,,9989840,9989570,1,
124,124,,,9989529,9989571,1,
124,124,,,9989610,9989572,1,
124,124,,,9989531,9989573,1,
124,124,,,9989612,9989574,1,
124,124,,,9989533,9989575,1,
124,124,,,9989614,9989576,1,
140,140,,,9989842,9989576,1,
124,124,,,9989535,9989577,1,
124,124,,,9989616,9989578,1,
124,124,,,9989537,9989579,1,
124,124,,,9989618,9989580,1,
124,124,,,9989539,9989581,1,
124,124,,,9989620,9989582,1,
140,140,,,9989844,9989582,1,
124,124,,,9989541,9989583,1,
124,124,,,9989622,9989584,1,
124,124,,,9989543,9989585,1,
124,124,,,9989624,9989586,1,
124,124,,,9989545,9989587,1,
124,124,,,9989626,9989588,1,
140,140,,,9989847,9989588,1,
124,124,,,9989547,9989589,1,
124,124,,,9989628,9989590,1,
140,140,,,9989849,9989590,1,
124,124,,,9989549,9989591,1,
124,124,,,9989630,9989592,1,
124,124,,,9989551,9989593,1,
124,124,,,9989632,9989594,1,
140,140,,,9989850,9989594,1,
124,124,,,9989553,9989595,1,
124,124,,,9989634,9989596,1,
124,124,,,9989555,9989597,1,
124,124,,,9989636,9989598,1,
124,124,,,9989557,9989599,1,
124,124,,,9989638,9989600,1,
140,140,,,9989852,9989600,1,
124,124,,,9989560,9989601,1,
124,124,,,9989565,9989603,1,
124,124,,,9989567,9989605,1,
124,124,,,9989569,9989607,1,
124,124,,,9989571,9989609,1,
124,124,,,9989573,9989611,1,
124,124,,,9989575,9989613,1,
124,124,,,9989577,9989615,1,
124,124,,,9989579,9989617,1,
124,124,,,9989581,9989619,1,
124,124,,,9989583,9989621,1,
124,124,,,9989585,9989623,1,
124,124,,,9989587,9989625,1,
124,124,,,9989589,9989627,1,
124,124,,,9989591,9989629,1,
124,124,,,9989593,9989631,1,
124,124,,,9989595,9989633,1,
124,124,,,9989597,9989635,1,
124,124,,,9989602,9989639,1,
131,131,,,9989569,9989640,1,
27,27,,,9989702,9989660,1,
33,33,,,9989702,9989660,1,
27,27,,,9989704,9989662,1,
33,33,,,9989704,9989662,1,
27,27,,,9989706,9989664,1,
33,33,,,9989706,9989664,1,
27,27,,,9989708,9989666,1,
33,33,,,9989708,9989666,1,
27,27,,,9989710,9989668,1,
33,33,,,9989710,9989668,1,
27,27,,,9989712,9989670,1,
33,33,,,9989712,9989670,1,
27,27,,,9989714,9989672,1,
33,33,,,9989714,9989672,1,
27,27,,,9989716,9989674,1,
33,33,,,9989716,9989674,1,
27,27,,,9989718,9989676,1,
33,33,,,9989718,9989676,1,
27,27,,,9989720,9989678,1,
33,33,,,9989720,9989678,1,
27,27,,,9989722,9989680,1,
33,33,,,9989722,9989680,1,
27,27,,,9989724,9989682,1,
33,33,,,9989724,9989682,1,
27,27,,,9989726,9989684,1,
33,33,,,9989726,9989684,1,
27,27,,,9989728,9989686,1,
33,33,,,9989728,9989686,1,
27,27,,,9989730,9989688,1,
33,33,,,9989730,9989688,1,
27,27,,,9989732,9989690,1,
33,33,,,9989732,9989690,1,
18,18,,,9989734,9989692,1,
27,27,,,9989734,9989692,1,
33,33,,,9989734,9989692,1,
33,33,,,9989656,9989698,1,
27,27,,,9989658,9989700,1,
33,33,,,9989658,9989700,1,
27,27,,,9989659,9989701,1,
33,33,,,9989659,9989701,1,
27,27,,,9989661,9989703,1,
33,33,,,9989661,9989703,1,
27,27,,,9989663,9989705,1,
33,33,,,9989663,9989705,1,
27,27,,,9989665,9989707,1,
33,33,,,9989665,9989707,1,
27,27,,,9989667,9989709,1,
33,33,,,9989667,9989709,1,
27,27,,,9989669,9989711,1,
33,33,,,9989669,9989711,1,
27,27,,,9989671,9989713,1,
33,33,,,9989671,9989713,1,
27,27,,,9989673,9989715,1,
33,33,,,9989673,9989715,1,
27,27,,,9989675,9989717,1,
33,33,,,9989675,9989717,1,
27,27,,,9989677,9989719,1,
33,33,,,9989677,9989719,1,
27,27,,,9989679,9989721,1,
33,33,,,9989679,9989721,1,
27,27,,,9989681,9989723,1,
33,33,,,9989681,9989723,1,
27,27,,,9989683,9989725,1,
33,33,,,9989683,9989725,1,
27,27,,,9989685,9989727,1,
33,33,,,9989685,9989727,1,
27,27,,,9989687,9989729,1,
33,33,,,9989687,9989729,1,
27,27,,,9989689,9989731,1,
33,33,,,9989689,9989731,1,
18,18,,,9989691,9989733,1,
27,27,,,9989691,9989733,1,
33,33,,,9989691,9989733,1,
33,33,,,9989692,9989735,1,
11,11,,,9989694,9989736,1,
18,18,,,9989694,9989736,1,
27,27,,,9989694,9989736,1,
33,33,,,9989694,9989736,1,
33,33,,,9989695,9989737,1,
74,74,,,9989778,9989738,1,
74,74,,,9989780,9989739,1,
74,74,,,9989782,9989741,1,
74,74,,,9989784,9989743,1,
74,74,,,9989788,9989747,1,
74,74,,,9989815,9989774,1,
74,74,,,9989742,9989783,1,
74,74,,,9989744,9989785,1,
74,74,,,9989746,9989787,1,
74,74,,,9989748,9989789,1,
74,74,,,9989750,9989791,1,
74,74,,,9989752,9989793,1,
74,74,,,9989754,9989795,1,
74,74,,,9989756,9989797,1,
74,74,,,9989760,9989801,1,
74,74,,,9989775,9989816,1,
140,140,,,9989585,9989845,1,
140,140,,,9989587,9989846,1,
124,124,,,9990051,9990009,1,
124,124,,,9990052,9990010,1,
124,124,,,9990054,9990012,1,
124,124,,,9990056,9990014,1,
124,124,,,9990058,9990016,1,
124,124,,,9990060,9990018,1,
124,124,,,9990062,9990020,1,
124,124,,,9990064,9990022,1,
124,124,,,9990066,9990024,1,
124,124,,,9990068,9990026,1,
124,124,,,9990070,9990028,1,
124,124,,,9990072,9990030,1,
124,124,,,9990074,9990032,1,
124,124,,,9990076,9990034,1,
124,124,,,9990078,9990036,1,
124,124,,,9990080,9990038,1,
124,124,,,9990082,9990040,1,
124,124,,,9990084,9990042,1,
124,124,,,9990122,9990042,1,
124,124,,,9990086,9990044,1,
124,124,,,9990088,9990046,1,
124,124,,,9990090,9990047,1,
124,124,,,9990092,9990054,1,
124,124,,,9990013,9990055,1,
124,124,,,9990094,9990056,1,
140,140,,,9990336,9990056,1,
124,124,,,9990015,9990057,1,
124,124,,,9990096,9990058,1,
140,140,,,9990338,9990058,1,
124,124,,,9990017,9990059,1,
124,124,,,9990098,9990060,1,
124,124,,,9990019,9990061,1,
124,124,,,9990100,9990062,1,
124,124,,,9990021,9990063,1,
124,124,,,9990102,9990064,1,
140,140,,,9990340,9990064,1,
124,124,,,9990023,9990065,1,
124,124,,,9990104,9990066,1,
124,124,,,9990025,9990067,1,
124,124,,,9990106,9990068,1,
124,124,,,9990027,9990069,1,
124,124,,,9990108,9990070,1,
140,140,,,9990342,9990070,1,
124,124,,,9990029,9990071,1,
124,124,,,9990110,9990072,1,
124,124,,,9990031,9990073,1,
124,124,,,9990112,9990074,1,
124,124,,,9990033,9990075,1,
124,124,,,9990114,9990076,1,
140,140,,,9990345,9990076,1,
124,124,,,9990035,9990077,1,
124,124,,,9990116,9990078,1,
140,140,,,9990347,9990078,1,
124,124,,,9990037,9990079,1,
124,124,,,9990118,9990080,1,
124,124,,,9990039,9990081,1,
124,124,,,9990120,9990082,1,
140,140,,,9990348,9990082,1,
124,124,,,9990041,9990083,1,
124,124,,,9990122,9990084,1,
124,124,,,9990043,9990085,1,
124,124,,,9990124,9990086,1,
124,124,,,9990045,9990087,1,
124,124,,,9990126,9990088,1,
140,140,,,9990350,9990088,1,
124,124,,,9990048,9990089,1,
124,124,,,9990053,9990091,1,
124,124,,,9990055,9990093,1,
124,124,,,9990057,9990095,1,
124,124,,,9990059,9990097,1,
124,124,,,9990061,9990099,1,
124,124,,,9990063,9990101,1,
124,124,,,9990065,9990103,1,
124,124,,,9990067,9990105,1,
124,124,,,9990069,9990107,1,
124,124,,,9990071,9990109,1,
124,124,,,9990073,9990111,1,
124,124,,,9990075,9990113,1,
124,124,,,9990077,9990115,1,
124,124,,,9990079,9990117,1,
124,124,,,9990081,9990119,1,
124,124,,,9990083,9990121,1,
124,124,,,9990085,9990123,1,
124,124,,,9990090,9990127,1,
27,27,,,9990200,9990158,1,
33,33,,,9990200,9990158,1,
27,27,,,9990202,9990160,1,
33,33,,,9990202,9990160,1,
27,27,,,9990204,9990162,1,
33,33,,,9990204,9990162,1,
27,27,,,9990206,9990164,1,
33,33,,,9990206,9990164,1,
27,27,,,9990208,9990166,1,
33,33,,,9990208,9990166,1,
27,27,,,9990210,9990168,1,
33,33,,,9990210,9990168,1,
27,27,,,9990212,9990170,1,
33,33,,,9990212,9990170,1,
27,27,,,9990214,9990172,1,
33,33,,,9990214,9990172,1,
27,27,,,9990216,9990174,1,
33,33,,,9990216,9990174,1,
27,27,,,9990218,9990176,1,
33,33,,,9990218,9990176,1,
27,27,,,9990220,9990178,1,
33,33,,,9990220,9990178,1,
27,27,,,9990222,9990180,1,
33,33,,,9990222,9990180,1,
27,27,,,9990224,9990182,1,
33,33,,,9990224,9990182,1,
27,27,,,9990226,9990184,1,
33,33,,,9990226,9990184,1,
27,27,,,9990228,9990186,1,
33,33,,,9990228,9990186,1,
27,27,,,9990230,9990188,1,
33,33,,,9990230,9990188,1,
18,18,,,9990232,9990190,1,
27,27,,,9990232,9990190,1,
33,33,,,9990232,9990190,1,
33,33,,,9990154,9990196,1,
27,27,,,9990156,9990198,1,
33,33,,,9990156,9990198,1,
27,27,,,9990157,9990199,1,
33,33,,,9990157,9990199,1,
27,27,,,9990159,9990201,1,
33,33,,,9990159,9990201,1,
27,27,,,9990161,9990203,1,
33,33,,,9990161,9990203,1,
27,27,,,9990163,9990205,1,
33,33,,,9990163,9990205,1,
27,27,,,9990165,9990207,1,
33,33,,,9990165,9990207,1,
27,27,,,9990167,9990209,1,
33,33,,,9990167,9990209,1,
27,27,,,9990169,9990211,1,
33,33,,,9990169,9990211,1,
27,27,,,9990171,9990213,1,
33,33,,,9990171,9990213,1,
27,27,,,9990173,9990215,1,
33,33,,,9990173,9990215,1,
27,27,,,9990175,9990217,1,
33,33,,,9990175,9990217,1,
27,27,,,9990177,9990219,1,
33,33,,,9990177,9990219,1,
27,27,,,9990179,9990221,1,
33,33,,,9990179,9990221,1,
27,27,,,9990181,9990223,1,
33,33,,,9990181,9990223,1,
27,27,,,9990183,9990225,1,
33,33,,,9990183,9990225,1,
27,27,,,9990185,9990227,1,
33,33,,,9990185,9990227,1,
27,27,,,9990187,9990229,1,
33,33,,,9990187,9990229,1,
18,18,,,9990189,9990231,1,
27,27,,,9990189,9990231,1,
33,33,,,9990189,9990231,1,
33,33,,,9990190,9990233,1,
11,11,,,9990192,9990234,1,
18,18,,,9990192,9990234,1,
27,27,,,9990192,9990234,1,
33,33,,,9990192,9990234,1,
33,33,,,9990193,9990235,1,
74,74,,,9990276,9990236,1,
74,74,,,9990278,9990237,1,
74,74,,,9990280,9990239,1,
74,74,,,9990282,9990241,1,
74,74,,,9990286,9990245,1,
74,74,,,9990313,9990272,1,
74,74,,,9990240,9990281,1,
74,74,,,9990242,9990283,1,
74,74,,,9990244,9990285,1,
74,74,,,9990246,9990287,1,
74,74,,,9990248,9990289,1,
74,74,,,9990250,9990291,1,
74,74,,,9990252,9990293,1,
74,74,,,9990254,9990295,1,
74,74,,,9990258,9990299,1,
74,74,,,9990273,9990314,1,
140,140,,,9990073,9990343,1,
140,140,,,9990075,9990344,1,
124,124,,,9990553,9990511,1,
124,124,,,9990554,9990512,1,
124,124,,,9990556,9990514,1,
124,124,,,9990558,9990516,1,
124,124,,,9990560,9990518,1,
124,124,,,9990562,9990520,1,
124,124,,,9990564,9990522,1,
124,124,,,9990566,9990524,1,
124,124,,,9990568,9990526,1,
124,124,,,9990570,9990528,1,
124,124,,,9990572,9990530,1,
124,124,,,9990574,9990532,1,
124,124,,,9990576,9990534,1,
124,124,,,9990578,9990536,1,
124,124,,,9990580,9990538,1,
124,124,,,9990582,9990540,1,
124,124,,,9990584,9990542,1,
124,124,,,9990586,9990544,1,
124,124,,,9990624,9990544,1,
124,124,,,9990588,9990546,1,
124,124,,,9990590,9990548,1,
124,124,,,9990592,9990549,1,
124,124,,,9990594,9990556,1,
124,124,,,9990515,9990557,1,
124,124,,,9990596,9990558,1,
124,124,,,9990517,9990559,1,
124,124,,,9990598,9990560,1,
124,124,,,9990519,9990561,1,
124,124,,,9990600,9990562,1,
124,124,,,9990521,9990563,1,
124,124,,,9990602,9990564,1,
124,124,,,9990523,9990565,1,
124,124,,,9990604,9990566,1,
124,124,,,9990525,9990567,1,
124,124,,,9990606,9990568,1,
124,124,,,9990527,9990569,1,
124,124,,,9990608,9990570,1,
124,124,,,9990529,9990571,1,
124,124,,,9990610,9990572,1,
124,124,,,9990531,9990573,1,
124,124,,,9990612,9990574,1,
124,124,,,9990533,9990575,1,
124,124,,,9990614,9990576,1,
124,124,,,9990535,9990577,1,
124,124,,,9990616,9990578,1,
124,124,,,9990537,9990579,1,
124,124,,,9990618,9990580,1,
140,140,,,9990849,9990580,1,
124,124,,,9990539,9990581,1,
124,124,,,9990620,9990582,1,
124,124,,,9990541,9990583,1,
124,124,,,9990622,9990584,1,
124,124,,,9990543,9990585,1,
124,124,,,9990624,9990586,1,
124,124,,,9990545,9990587,1,
124,124,,,9990626,9990588,1,
124,124,,,9990547,9990589,1,
124,124,,,9990628,9990590,1,
124,124,,,9990550,9990591,1,
124,124,,,9990555,9990593,1,
124,124,,,9990557,9990595,1,
124,124,,,9990559,9990597,1,
124,124,,,9990561,9990599,1,
124,124,,,9990563,9990601,1,
124,124,,,9990565,9990603,1,
124,124,,,9990567,9990605,1,
124,124,,,9990569,9990607,1,
124,124,,,9990571,9990609,1,
124,124,,,9990573,9990611,1,
124,124,,,9990575,9990613,1,
124,124,,,9990577,9990615,1,
124,124,,,9990579,9990617,1,
124,124,,,9990581,9990619,1,
124,124,,,9990583,9990621,1,
124,124,,,9990585,9990623,1,
124,124,,,9990587,9990625,1,
124,124,,,9990592,9990629,1,
27,27,,,9990701,9990659,1,
33,33,,,9990701,9990659,1,
27,27,,,9990703,9990661,1,
33,33,,,9990703,9990661,1,
27,27,,,9990705,9990663,1,
33,33,,,9990705,9990663,1,
27,27,,,9990707,9990665,1,
33,33,,,9990707,9990665,1,
27,27,,,9990709,9990667,1,
33,33,,,9990709,9990667,1,
27,27,,,9990711,9990669,1,
33,33,,,9990711,9990669,1,
27,27,,,9990713,9990671,1,
33,33,,,9990713,9990671,1,
27,27,,,9990715,9990673,1,
33,33,,,9990715,9990673,1,
27,27,,,9990717,9990675,1,
33,33,,,9990717,9990675,1,
27,27,,,9990719,9990677,1,
33,33,,,9990719,9990677,1,
27,27,,,9990721,9990679,1,
33,33,,,9990721,9990679,1,
27,27,,,9990723,9990681,1,
33,33,,,9990723,9990681,1,
27,27,,,9990725,9990683,1,
33,33,,,9990725,9990683,1,
27,27,,,9990727,9990685,1,
33,33,,,9990727,9990685,1,
27,27,,,9990729,9990687,1,
33,33,,,9990729,9990687,1,
27,27,,,9990731,9990689,1,
33,33,,,9990731,9990689,1,
18,18,,,9990733,9990691,1,
27,27,,,9990733,9990691,1,
33,33,,,9990733,9990691,1,
33,33,,,9990655,9990697,1,
27,27,,,9990657,9990699,1,
33,33,,,9990657,9990699,1,
27,27,,,9990658,9990700,1,
33,33,,,9990658,9990700,1,
27,27,,,9990660,9990702,1,
33,33,,,9990660,9990702,1,
27,27,,,9990662,9990704,1,
33,33,,,9990662,9990704,1,
27,27,,,9990664,9990706,1,
33,33,,,9990664,9990706,1,
27,27,,,9990666,9990708,1,
33,33,,,9990666,9990708,1,
27,27,,,9990668,9990710,1,
33,33,,,9990668,9990710,1,
27,27,,,9990670,9990712,1,
33,33,,,9990670,9990712,1,
27,27,,,9990672,9990714,1,
33,33,,,9990672,9990714,1,
27,27,,,9990674,9990716,1,
33,33,,,9990674,9990716,1,
27,27,,,9990676,9990718,1,
33,33,,,9990676,9990718,1,
27,27,,,9990678,9990720,1,
33,33,,,9990678,9990720,1,
27,27,,,9990680,9990722,1,
33,33,,,9990680,9990722,1,
27,27,,,9990682,9990724,1,
33,33,,,9990682,9990724,1,
27,27,,,9990684,9990726,1,
33,33,,,9990684,9990726,1,
27,27,,,9990686,9990728,1,
33,33,,,9990686,9990728,1,
27,27,,,9990688,9990730,1,
33,33,,,9990688,9990730,1,
18,18,,,9990690,9990732,1,
27,27,,,9990690,9990732,1,
33,33,,,9990690,9990732,1,
33,33,,,9990691,9990734,1,
11,11,,,9990693,9990735,1,
18,18,,,9990693,9990735,1,
27,27,,,9990693,9990735,1,
33,33,,,9990693,9990735,1,
33,33,,,9990694,9990736,1,
74,74,,,9990778,9990737,1,
74,74,,,9990780,9990738,1,
74,74,,,9990782,9990740,1,
74,74,,,9990784,9990742,1,
74,74,,,9990788,9990746,1,
74,74,,,9990815,9990773,1,
74,74,,,9990741,9990783,1,
74,74,,,9990743,9990785,1,
74,74,,,9990745,9990787,1,
74,74,,,9990747,9990789,1,
74,74,,,9990749,9990791,1,
74,74,,,9990751,9990793,1,
74,74,,,9990753,9990795,1,
74,74,,,9990755,9990797,1,
74,74,,,9990759,9990801,1,
74,74,,,9990774,9990816,1,
140,140,,,9990577,9990846,1,
124,124,,,9991093,9991051,1,
124,124,,,9991094,9991052,1,
124,124,,,9991096,9991054,1,
124,124,,,9991098,9991056,1,
124,124,,,9991100,9991058,1,
124,124,,,9991102,9991060,1,
124,124,,,9991104,9991062,1,
124,124,,,9991106,9991064,1,
124,124,,,9991108,9991066,1,
124,124,,,9991110,9991068,1,
124,124,,,9991112,9991070,1,
124,124,,,9991114,9991072,1,
124,124,,,9991116,9991074,1,
124,124,,,9991118,9991076,1,
124,124,,,9991120,9991078,1,
124,124,,,9991122,9991080,1,
124,124,,,9991124,9991082,1,
124,124,,,9991126,9991084,1,
124,124,,,9991164,9991084,1,
124,124,,,9991128,9991086,1,
124,124,,,9991130,9991088,1,
124,124,,,9991132,9991089,1,
124,124,,,9991134,9991096,1,
124,124,,,9991055,9991097,1,
124,124,,,9991136,9991098,1,
140,140,,,9991377,9991098,1,
124,124,,,9991057,9991099,1,
124,124,,,9991138,9991100,1,
140,140,,,9991379,9991100,1,
124,124,,,9991059,9991101,1,
124,124,,,9991140,9991102,1,
124,124,,,9991061,9991103,1,
124,124,,,9991142,9991104,1,
124,124,,,9991063,9991105,1,
124,124,,,9991144,9991106,1,
140,140,,,9991381,9991106,1,
124,124,,,9991065,9991107,1,
124,124,,,9991146,9991108,1,
124,124,,,9991067,9991109,1,
124,124,,,9991148,9991110,1,
124,124,,,9991069,9991111,1,
124,124,,,9991150,9991112,1,
140,140,,,9991383,9991112,1,
124,124,,,9991071,9991113,1,
124,124,,,9991152,9991114,1,
124,124,,,9991073,9991115,1,
124,124,,,9991154,9991116,1,
124,124,,,9991075,9991117,1,
124,124,,,9991156,9991118,1,
140,140,,,9991386,9991118,1,
124,124,,,9991077,9991119,1,
124,124,,,9991158,9991120,1,
140,140,,,9991388,9991120,1,
124,124,,,9991079,9991121,1,
124,124,,,9991160,9991122,1,
124,124,,,9991081,9991123,1,
124,124,,,9991162,9991124,1,
140,140,,,9991389,9991124,1,
124,124,,,9991083,9991125,1,
124,124,,,9991164,9991126,1,
124,124,,,9991085,9991127,1,
124,124,,,9991166,9991128,1,
124,124,,,9991087,9991129,1,
124,124,,,9991168,9991130,1,
140,140,,,9991391,9991130,1,
124,124,,,9991090,9991131,1,
124,124,,,9991095,9991133,1,
124,124,,,9991097,9991135,1,
124,124,,,9991099,9991137,1,
124,124,,,9991101,9991139,1,
124,124,,,9991103,9991141,1,
124,124,,,9991105,9991143,1,
124,124,,,9991107,9991145,1,
124,124,,,9991109,9991147,1,
124,124,,,9991111,9991149,1,
124,124,,,9991113,9991151,1,
124,124,,,9991115,9991153,1,
124,124,,,9991117,9991155,1,
124,124,,,9991119,9991157,1,
124,124,,,9991121,9991159,1,
124,124,,,9991123,9991161,1,
124,124,,,9991125,9991163,1,
124,124,,,9991127,9991165,1,
124,124,,,9991132,9991169,1,
27,27,,,9991240,9991199,1,
33,33,,,9991240,9991199,1,
27,27,,,9991242,9991201,1,
33,33,,,9991242,9991201,1,
27,27,,,9991244,9991203,1,
33,33,,,9991244,9991203,1,
27,27,,,9991246,9991205,1,
33,33,,,9991246,9991205,1,
27,27,,,9991248,9991207,1,
33,33,,,9991248,9991207,1,
27,27,,,9991250,9991209,1,
33,33,,,9991250,9991209,1,
27,27,,,9991252,9991211,1,
33,33,,,9991252,9991211,1,
27,27,,,9991254,9991213,1,
33,33,,,9991254,9991213,1,
27,27,,,9991256,9991215,1,
33,33,,,9991256,9991215,1,
27,27,,,9991258,9991217,1,
33,33,,,9991258,9991217,1,
27,27,,,9991260,9991219,1,
33,33,,,9991260,9991219,1,
27,27,,,9991262,9991221,1,
33,33,,,9991262,9991221,1,
27,27,,,9991264,9991223,1,
33,33,,,9991264,9991223,1,
27,27,,,9991266,9991225,1,
33,33,,,9991266,9991225,1,
27,27,,,9991268,9991227,1,
33,33,,,9991268,9991227,1,
27,27,,,9991270,9991229,1,
33,33,,,9991270,9991229,1,
18,18,,,9991272,9991231,1,
27,27,,,9991272,9991231,1,
33,33,,,9991272,9991231,1,
33,33,,,9991195,9991236,1,
27,27,,,9991197,9991238,1,
33,33,,,9991197,9991238,1,
27,27,,,9991198,9991239,1,
33,33,,,9991198,9991239,1,
27,27,,,9991200,9991241,1,
33,33,,,9991200,9991241,1,
27,27,,,9991202,9991243,1,
33,33,,,9991202,9991243,1,
27,27,,,9991204,9991245,1,
33,33,,,9991204,9991245,1,
27,27,,,9991206,9991247,1,
33,33,,,9991206,9991247,1,
27,27,,,9991208,9991249,1,
33,33,,,9991208,9991249,1,
27,27,,,9991210,9991251,1,
33,33,,,9991210,9991251,1,
27,27,,,9991212,9991253,1,
33,33,,,9991212,9991253,1,
27,27,,,9991214,9991255,1,
33,33,,,9991214,9991255,1,
27,27,,,9991216,9991257,1,
33,33,,,9991216,9991257,1,
27,27,,,9991218,9991259,1,
33,33,,,9991218,9991259,1,
27,27,,,9991220,9991261,1,
33,33,,,9991220,9991261,1,
27,27,,,9991222,9991263,1,
33,33,,,9991222,9991263,1,
27,27,,,9991224,9991265,1,
33,33,,,9991224,9991265,1,
27,27,,,9991226,9991267,1,
33,33,,,9991226,9991267,1,
27,27,,,9991228,9991269,1,
33,33,,,9991228,9991269,1,
18,18,,,9991230,9991271,1,
27,27,,,9991230,9991271,1,
33,33,,,9991230,9991271,1,
33,33,,,9991231,9991273,1,
11,11,,,9991233,9991274,1,
18,18,,,9991233,9991274,1,
27,27,,,9991233,9991274,1,
33,33,,,9991233,9991274,1,
33,33,,,9991234,9991275,1,
74,74,,,9991318,9991278,1,
74,74,,,9991320,9991279,1,
74,74,,,9991322,9991281,1,
74,74,,,9991324,9991283,1,
74,74,,,9991328,9991287,1,
74,74,,,9991355,9991314,1,
94,94,,,9991360,9991322,1,
74,74,,,9991282,9991323,1,
94,94,,,9991359,9991323,1,
74,74,,,9991284,9991325,1,
94,94,,,9991362,9991326,1,
74,74,,,9991286,9991327,1,
94,94,,,9991361,9991327,1,
74,74,,,9991288,9991329,1,
94,94,,,9991364,9991330,1,
74,74,,,9991290,9991331,1,
94,94,,,9991363,9991331,1,
74,74,,,9991292,9991333,1,
74,74,,,9991294,9991335,1,
94,94,,,9991365,9991335,1,
74,74,,,9991296,9991337,1,
94,94,,,9991367,9991339,1,
74,74,,,9991300,9991341,1,
74,74,,,9991315,9991356,1,
94,94,,,9991321,9991359,1,
94,94,,,9991329,9991363,1,
94,94,,,9991333,9991365,1,
94,94,,,9991337,9991367,1,
94,94,,,9991341,9991369,1,
94,94,,,9991345,9991371,1,
94,94,,,9991349,9991373,1,
94,94,,,9991355,9991376,1,
140,140,,,9991097,9991378,1,
140,140,,,9991103,9991380,1,
140,140,,,9991109,9991382,1,
140,140,,,9991117,9991385,1,
140,140,,,9991121,9991387,1,
140,140,,,9991127,9991390,1,
124,124,,,9991789,9991747,1,
124,124,,,9991790,9991748,1,
124,124,,,9991792,9991750,1,
124,124,,,9991794,9991752,1,
124,124,,,9991796,9991754,1,
124,124,,,9991798,9991756,1,
124,124,,,9991800,9991758,1,
124,124,,,9991802,9991760,1,
124,124,,,9991804,9991762,1,
124,124,,,9991806,9991764,1,
124,124,,,9991808,9991766,1,
124,124,,,9991810,9991768,1,
124,124,,,9991812,9991770,1,
124,124,,,9991814,9991772,1,
124,124,,,9991816,9991774,1,
124,124,,,9991818,9991776,1,
124,124,,,9991820,9991778,1,
124,124,,,9991822,9991780,1,
124,124,,,9991860,9991780,1,
124,124,,,9991824,9991782,1,
124,124,,,9991826,9991784,1,
124,124,,,9991828,9991785,1,
124,124,,,9991830,9991792,1,
124,124,,,9991751,9991793,1,
124,124,,,9991832,9991794,1,
140,140,,,9992073,9991794,1,
124,124,,,9991753,9991795,1,
124,124,,,9991834,9991796,1,
140,140,,,9992075,9991796,1,
124,124,,,9991755,9991797,1,
124,124,,,9991836,9991798,1,
124,124,,,9991757,9991799,1,
124,124,,,9991838,9991800,1,
124,124,,,9991759,9991801,1,
124,124,,,9991840,9991802,1,
140,140,,,9992077,9991802,1,
124,124,,,9991761,9991803,1,
124,124,,,9991842,9991804,1,
124,124,,,9991763,9991805,1,
124,124,,,9991844,9991806,1,
124,124,,,9991765,9991807,1,
124,124,,,9991846,9991808,1,
140,140,,,9992079,9991808,1,
124,124,,,9991767,9991809,1,
124,124,,,9991848,9991810,1,
124,124,,,9991769,9991811,1,
124,124,,,9991850,9991812,1,
124,124,,,9991771,9991813,1,
124,124,,,9991852,9991814,1,
140,140,,,9992082,9991814,1,
124,124,,,9991773,9991815,1,
124,124,,,9991854,9991816,1,
140,140,,,9992084,9991816,1,
124,124,,,9991775,9991817,1,
124,124,,,9991856,9991818,1,
124,124,,,9991777,9991819,1,
124,124,,,9991858,9991820,1,
140,140,,,9992085,9991820,1,
124,124,,,9991779,9991821,1,
124,124,,,9991860,9991822,1,
124,124,,,9991781,9991823,1,
124,124,,,9991862,9991824,1,
124,124,,,9991783,9991825,1,
124,124,,,9991864,9991826,1,
140,140,,,9992087,9991826,1,
124,124,,,9991786,9991827,1,
124,124,,,9991791,9991829,1,
124,124,,,9991793,9991831,1,
124,124,,,9991795,9991833,1,
124,124,,,9991797,9991835,1,
124,124,,,9991799,9991837,1,
124,124,,,9991801,9991839,1,
124,124,,,9991803,9991841,1,
124,124,,,9991805,9991843,1,
124,124,,,9991807,9991845,1,
124,124,,,9991809,9991847,1,
124,124,,,9991811,9991849,1,
124,124,,,9991813,9991851,1,
124,124,,,9991815,9991853,1,
124,124,,,9991817,9991855,1,
124,124,,,9991819,9991857,1,
124,124,,,9991821,9991859,1,
124,124,,,9991823,9991861,1,
124,124,,,9991828,9991865,1,
27,27,,,9991936,9991895,1,
33,33,,,9991936,9991895,1,
27,27,,,9991938,9991897,1,
33,33,,,9991938,9991897,1,
27,27,,,9991940,9991899,1,
33,33,,,9991940,9991899,1,
27,27,,,9991942,9991901,1,
33,33,,,9991942,9991901,1,
27,27,,,9991944,9991903,1,
33,33,,,9991944,9991903,1,
27,27,,,9991946,9991905,1,
33,33,,,9991946,9991905,1,
27,27,,,9991948,9991907,1,
33,33,,,9991948,9991907,1,
27,27,,,9991950,9991909,1,
33,33,,,9991950,9991909,1,
27,27,,,9991952,9991911,1,
33,33,,,9991952,9991911,1,
27,27,,,9991954,9991913,1,
33,33,,,9991954,9991913,1,
27,27,,,9991956,9991915,1,
33,33,,,9991956,9991915,1,
27,27,,,9991958,9991917,1,
33,33,,,9991958,9991917,1,
27,27,,,9991960,9991919,1,
33,33,,,9991960,9991919,1,
27,27,,,9991962,9991921,1,
33,33,,,9991962,9991921,1,
27,27,,,9991964,9991923,1,
33,33,,,9991964,9991923,1,
27,27,,,9991966,9991925,1,
33,33,,,9991966,9991925,1,
18,18,,,9991968,9991927,1,
27,27,,,9991968,9991927,1,
33,33,,,9991968,9991927,1,
33,33,,,9991891,9991932,1,
27,27,,,9991893,9991934,1,
33,33,,,9991893,9991934,1,
27,27,,,9991894,9991935,1,
33,33,,,9991894,9991935,1,
27,27,,,9991896,9991937,1,
33,33,,,9991896,9991937,1,
27,27,,,9991898,9991939,1,
33,33,,,9991898,9991939,1,
27,27,,,9991900,9991941,1,
33,33,,,9991900,9991941,1,
27,27,,,9991902,9991943,1,
33,33,,,9991902,9991943,1,
27,27,,,9991904,9991945,1,
33,33,,,9991904,9991945,1,
27,27,,,9991906,9991947,1,
33,33,,,9991906,9991947,1,
27,27,,,9991908,9991949,1,
33,33,,,9991908,9991949,1,
27,27,,,9991910,9991951,1,
33,33,,,9991910,9991951,1,
27,27,,,9991912,9991953,1,
33,33,,,9991912,9991953,1,
27,27,,,9991914,9991955,1,
33,33,,,9991914,9991955,1,
27,27,,,9991916,9991957,1,
33,33,,,9991916,9991957,1,
27,27,,,9991918,9991959,1,
33,33,,,9991918,9991959,1,
27,27,,,9991920,9991961,1,
33,33,,,9991920,9991961,1,
27,27,,,9991922,9991963,1,
33,33,,,9991922,9991963,1,
27,27,,,9991924,9991965,1,
33,33,,,9991924,9991965,1,
18,18,,,9991926,9991967,1,
27,27,,,9991926,9991967,1,
33,33,,,9991926,9991967,1,
33,33,,,9991927,9991969,1,
11,11,,,9991929,9991970,1,
18,18,,,9991929,9991970,1,
27,27,,,9991929,9991970,1,
33,33,,,9991929,9991970,1,
33,33,,,9991930,9991971,1,
74,74,,,9992014,9991974,1,
74,74,,,9992016,9991975,1,
74,74,,,9992018,9991977,1,
74,74,,,9992020,9991979,1,
74,74,,,9992024,9991983,1,
74,74,,,9992051,9992010,1,
94,94,,,9992056,9992018,1,
74,74,,,9991978,9992019,1,
94,94,,,9992055,9992019,1,
74,74,,,9991980,9992021,1,
94,94,,,9992058,9992022,1,
74,74,,,9991982,9992023,1,
94,94,,,9992057,9992023,1,
74,74,,,9991984,9992025,1,
94,94,,,9992060,9992026,1,
74,74,,,9991986,9992027,1,
94,94,,,9992059,9992027,1,
74,74,,,9991988,9992029,1,
74,74,,,9991990,9992031,1,
94,94,,,9992061,9992031,1,
74,74,,,9991992,9992033,1,
94,94,,,9992063,9992035,1,
74,74,,,9991996,9992037,1,
74,74,,,9992011,9992052,1,
94,94,,,9992017,9992055,1,
94,94,,,9992025,9992059,1,
94,94,,,9992029,9992061,1,
94,94,,,9992033,9992063,1,
94,94,,,9992037,9992065,1,
94,94,,,9992041,9992067,1,
94,94,,,9992045,9992069,1,
94,94,,,9992051,9992072,1,
140,140,,,9991793,9992074,1,
140,140,,,9991799,9992076,1,
140,140,,,9991805,9992078,1,
140,140,,,9991811,9992080,1,
140,140,,,9991813,9992081,1,
140,140,,,9991813,9992083,1,
140,140,,,9991823,9992086,1,
124,124,,,9992485,9992443,1,
124,124,,,9992486,9992444,1,
124,124,,,9992488,9992446,1,
124,124,,,9992490,9992448,1,
124,124,,,9992492,9992450,1,
124,124,,,9992494,9992452,1,
124,124,,,9992496,9992454,1,
124,124,,,9992498,9992456,1,
124,124,,,9992500,9992458,1,
124,124,,,9992502,9992460,1,
124,124,,,9992504,9992462,1,
124,124,,,9992506,9992464,1,
124,124,,,9992508,9992466,1,
124,124,,,9992510,9992468,1,
124,124,,,9992512,9992470,1,
124,124,,,9992514,9992472,1,
124,124,,,9992516,9992474,1,
124,124,,,9992518,9992476,1,
124,124,,,9992556,9992476,1,
124,124,,,9992520,9992478,1,
124,124,,,9992522,9992480,1,
124,124,,,9992524,9992481,1,
124,124,,,9992526,9992488,1,
124,124,,,9992447,9992489,1,
124,124,,,9992528,9992490,1,
140,140,,,9992769,9992490,1,
124,124,,,9992449,9992491,1,
124,124,,,9992530,9992492,1,
140,140,,,9992771,9992492,1,
124,124,,,9992451,9992493,1,
124,124,,,9992532,9992494,1,
124,124,,,9992453,9992495,1,
124,124,,,9992534,9992496,1,
124,124,,,9992455,9992497,1,
124,124,,,9992536,9992498,1,
140,140,,,9992773,9992498,1,
124,124,,,9992457,9992499,1,
124,124,,,9992538,9992500,1,
124,124,,,9992459,9992501,1,
124,124,,,9992540,9992502,1,
124,124,,,9992461,9992503,1,
124,124,,,9992542,9992504,1,
140,140,,,9992775,9992504,1,
124,124,,,9992463,9992505,1,
124,124,,,9992544,9992506,1,
124,124,,,9992465,9992507,1,
124,124,,,9992546,9992508,1,
124,124,,,9992467,9992509,1,
124,124,,,9992548,9992510,1,
140,140,,,9992778,9992510,1,
124,124,,,9992469,9992511,1,
124,124,,,9992550,9992512,1,
140,140,,,9992780,9992512,1,
124,124,,,9992471,9992513,1,
124,124,,,9992552,9992514,1,
124,124,,,9992473,9992515,1,
124,124,,,9992554,9992516,1,
140,140,,,9992781,9992516,1,
124,124,,,9992475,9992517,1,
124,124,,,9992556,9992518,1,
124,124,,,9992477,9992519,1,
124,124,,,9992558,9992520,1,
124,124,,,9992479,9992521,1,
124,124,,,9992560,9992522,1,
140,140,,,9992783,9992522,1,
124,124,,,9992482,9992523,1,
124,124,,,9992487,9992525,1,
124,124,,,9992489,9992527,1,
124,124,,,9992491,9992529,1,
124,124,,,9992493,9992531,1,
124,124,,,9992495,9992533,1,
124,124,,,9992497,9992535,1,
124,124,,,9992499,9992537,1,
124,124,,,9992501,9992539,1,
124,124,,,9992503,9992541,1,
124,124,,,9992505,9992543,1,
124,124,,,9992507,9992545,1,
124,124,,,9992509,9992547,1,
124,124,,,9992511,9992549,1,
124,124,,,9992513,9992551,1,
124,124,,,9992515,9992553,1,
124,124,,,9992517,9992555,1,
124,124,,,9992519,9992557,1,
124,124,,,9992524,9992561,1,
27,27,,,9992632,9992591,1,
33,33,,,9992632,9992591,1,
27,27,,,9992634,9992593,1,
33,33,,,9992634,9992593,1,
27,27,,,9992636,9992595,1,
33,33,,,9992636,9992595,1,
27,27,,,9992638,9992597,1,
33,33,,,9992638,9992597,1,
27,27,,,9992640,9992599,1,
33,33,,,9992640,9992599,1,
27,27,,,9992642,9992601,1,
33,33,,,9992642,9992601,1,
27,27,,,9992644,9992603,1,
33,33,,,9992644,9992603,1,
27,27,,,9992646,9992605,1,
33,33,,,9992646,9992605,1,
27,27,,,9992648,9992607,1,
33,33,,,9992648,9992607,1,
27,27,,,9992650,9992609,1,
33,33,,,9992650,9992609,1,
27,27,,,9992652,9992611,1,
33,33,,,9992652,9992611,1,
27,27,,,9992654,9992613,1,
33,33,,,9992654,9992613,1,
27,27,,,9992656,9992615,1,
33,33,,,9992656,9992615,1,
27,27,,,9992658,9992617,1,
33,33,,,9992658,9992617,1,
27,27,,,9992660,9992619,1,
33,33,,,9992660,9992619,1,
27,27,,,9992662,9992621,1,
33,33,,,9992662,9992621,1,
18,18,,,9992664,9992623,1,
27,27,,,9992664,9992623,1,
33,33,,,9992664,9992623,1,
33,33,,,9992587,9992628,1,
27,27,,,9992589,9992630,1,
33,33,,,9992589,9992630,1,
27,27,,,9992590,9992631,1,
33,33,,,9992590,9992631,1,
27,27,,,9992592,9992633,1,
33,33,,,9992592,9992633,1,
27,27,,,9992594,9992635,1,
33,33,,,9992594,9992635,1,
27,27,,,9992596,9992637,1,
33,33,,,9992596,9992637,1,
27,27,,,9992598,9992639,1,
33,33,,,9992598,9992639,1,
27,27,,,9992600,9992641,1,
33,33,,,9992600,9992641,1,
27,27,,,9992602,9992643,1,
33,33,,,9992602,9992643,1,
27,27,,,9992604,9992645,1,
33,33,,,9992604,9992645,1,
27,27,,,9992606,9992647,1,
33,33,,,9992606,9992647,1,
27,27,,,9992608,9992649,1,
33,33,,,9992608,9992649,1,
27,27,,,9992610,9992651,1,
33,33,,,9992610,9992651,1,
27,27,,,9992612,9992653,1,
33,33,,,9992612,9992653,1,
27,27,,,9992614,9992655,1,
33,33,,,9992614,9992655,1,
27,27,,,9992616,9992657,1,
33,33,,,9992616,9992657,1,
27,27,,,9992618,9992659,1,
33,33,,,9992618,9992659,1,
27,27,,,9992620,9992661,1,
33,33,,,9992620,9992661,1,
18,18,,,9992622,9992663,1,
27,27,,,9992622,9992663,1,
33,33,,,9992622,9992663,1,
33,33,,,9992623,9992665,1,
11,11,,,9992625,9992666,1,
18,18,,,9992625,9992666,1,
27,27,,,9992625,9992666,1,
33,33,,,9992625,9992666,1,
33,33,,,9992626,9992667,1,
74,74,,,9992710,9992670,1,
74,74,,,9992712,9992671,1,
74,74,,,9992714,9992673,1,
74,74,,,9992716,9992675,1,
74,74,,,9992720,9992679,1,
74,74,,,9992747,9992706,1,
94,94,,,9992752,9992714,1,
74,74,,,9992674,9992715,1,
94,94,,,9992751,9992715,1,
74,74,,,9992676,9992717,1,
94,94,,,9992754,9992718,1,
74,74,,,9992678,9992719,1,
94,94,,,9992753,9992719,1,
74,74,,,9992680,9992721,1,
94,94,,,9992756,9992722,1,
74,74,,,9992682,9992723,1,
94,94,,,9992755,9992723,1,
74,74,,,9992684,9992725,1,
74,74,,,9992686,9992727,1,
94,94,,,9992757,9992727,1,
74,74,,,9992688,9992729,1,
94,94,,,9992759,9992731,1,
74,74,,,9992692,9992733,1,
74,74,,,9992707,9992748,1,
94,94,,,9992713,9992751,1,
94,94,,,9992721,9992755,1,
94,94,,,9992725,9992757,1,
94,94,,,9992729,9992759,1,
94,94,,,9992733,9992761,1,
94,94,,,9992737,9992763,1,
94,94,,,9992741,9992765,1,
94,94,,,9992747,9992768,1,
140,140,,,9992489,9992770,1,
140,140,,,9992495,9992772,1,
140,140,,,9992501,9992774,1,
140,140,,,9992507,9992776,1,
140,140,,,9992509,9992777,1,
140,140,,,9992509,9992779,1,
140,140,,,9992519,9992782,1,
