service_id,monday,tuesday,wednesday,thursday,friday,saturday,sunday,start_date,end_date
ASP19GEN-1037-Sunday-00,0,0,0,0,0,0,1,20190428,20191027
ASP19GEN-2048-Sunday-00,0,0,0,0,0,0,1,20190428,20191027
ASP19GEN-3041-Sunday-00,0,0,0,0,0,0,1,20190428,20191027
ASP19GEN-4049-Sunday-00,0,0,0,0,0,0,1,20190428,20191027
ASP19GEN-5048-Sunday-00,0,0,0,0,0,0,1,20190428,20191027
ASP19GEN-6030-Sunday-00,0,0,0,0,0,0,1,20190428,20191027
ASP19GEN-7025-Sunday-00,0,0,0,0,0,0,1,20190428,20191027
BSP19GEN-A051-Sunday-00,0,0,0,0,0,0,1,20190428,20191110
BSP19GEN-C026-Sunday-00,0,0,0,0,0,0,1,20190428,20191110
BSP19GEN-D040-Sunday-00,0,0,0,0,0,0,1,20190428,20191110
BSP19GEN-E044-Sunday-00,0,0,0,0,0,0,1,20190428,20191110
BSP19GEN-F048-Sunday-00,0,0,0,0,0,0,1,20190428,20191110
BSP19GEN-FS012-Sunday-00,0,0,0,0,0,0,1,20190428,20191110
BSP19SUPP-G034-Sunday-56,0,0,0,0,0,0,1,20190428,20191110
ASP19GEN-GS010-Sunday-00,0,0,0,0,0,0,1,20190428,20191027
BSP19GEN-H024-Sunday-00,0,0,0,0,0,0,1,20190428,20191110
BSP19GEN-J032-Sunday-00,0,0,0,0,0,0,1,20190428,20191110
BSP19SUPP-L022-Sunday-98,0,0,0,0,0,0,1,20190428,20191110
BSP19SUPP-M023-Sunday-26,0,0,0,0,0,0,1,20190428,20191110
BSP19GEN-N057-Sunday-00,0,0,0,0,0,0,1,20190428,20191110
BSP19GEN-Q023-Sunday-00,0,0,0,0,0,0,1,20190428,20191110
BSP19GEN-R049-Sunday-00,0,0,0,0,0,0,1,20190428,20191110
SIR-FA2018-SI017-Sunday-00,0,0,0,0,0,0,1,20190428,20190428
ASP19GEN-1087-Weekday-00,1,1,1,1,1,0,0,20190429,20191101
ASP19GEN-2097-Weekday-00,1,1,1,1,1,0,0,20190429,20191101
ASP19GEN-3086-Weekday-00,1,1,1,1,1,0,0,20190429,20191101
ASP19GEN-4097-Weekday-00,1,1,1,1,1,0,0,20190429,20191101
ASP19GEN-5106-Weekday-00,1,1,1,1,1,0,0,20190429,20191101
ASP19GEN-6086-Weekday-00,1,1,1,1,1,0,0,20190429,20191101
ASP19GEN-7059-Weekday-00,1,1,1,1,1,0,0,20190429,20191101
BSP19GEN-A083-Weekday-00,1,1,1,1,1,0,0,20190429,20191115
BSP19GEN-B080-Weekday-00,1,1,1,1,1,0,0,20190429,20191115
BSP19GEN-C051-Weekday-00,1,1,1,1,1,0,0,20190429,20191115
BSP19GEN-D077-Weekday-00,1,1,1,1,1,0,0,20190429,20191115
BSP19GEN-E071-Weekday-00,1,1,1,1,1,0,0,20190429,20191115
BSP19GEN-F072-Weekday-00,1,1,1,1,1,0,0,20190429,20191115
BSP19GEN-FS011-Weekday-00,1,1,1,1,1,0,0,20190429,20191115
BSP19SUPP-G049-Weekday-32,1,1,1,1,1,0,0,20190429,20191115
BSP19SUPP-G049-Weekday-32-0111100,0,1,1,1,1,0,0,20190429,20191115
ASP19GEN-GS019-Weekday-00,1,1,1,1,1,0,0,20190429,20191101
BSP19GEN-H039-Weekday-00,1,1,1,1,1,0,0,20190429,20191115
BSP19GEN-H039-Weekday-00-0111100,0,1,1,1,1,0,0,20190429,20191115
BSP19GEN-J052-Weekday-00,1,1,1,1,1,0,0,20190429,20191115
BSP19SUPP-L045-Wednesday-173,0,0,1,0,0,0,0,20190429,20191115
BSP19GEN-M086-Weekday-00,1,1,1,1,1,0,0,20190429,20191115
BSP19GEN-M086-Weekday-00-0111100,0,1,1,1,1,0,0,20190429,20191115
BSP19GEN-N091-Weekday-00,1,1,1,1,1,0,0,20190429,20191115
BSP19GEN-Q062-Weekday-00,1,1,1,1,1,0,0,20190429,20191115
BSP19GEN-R087-Weekday-00,1,1,1,1,1,0,0,20190429,20191115
SIR-FA2017-SI017-Weekday-08,1,1,1,1,1,0,0,20190429,20191004
ASP19GEN-1038-Saturday-00,0,0,0,0,0,1,0,20190504,20191102
ASP19GEN-2042-Saturday-00,0,0,0,0,0,1,0,20190504,20191102
ASP19GEN-3039-Saturday-00,0,0,0,0,0,1,0,20190504,20191102
ASP19GEN-4043-Saturday-00,0,0,0,0,0,1,0,20190504,20191102
ASP19GEN-5043-Saturday-00,0,0,0,0,0,1,0,20190504,20191102
ASP19GEN-6033-Saturday-00,0,0,0,0,0,1,0,20190504,20191102
ASP19GEN-7023-Saturday-00,0,0,0,0,0,1,0,20190504,20191102
BSP19GEN-A044-Saturday-00,0,0,0,0,0,1,0,20190504,20191116
BSP19GEN-C024-Saturday-00,0,0,0,0,0,1,0,20190504,20191116
BSP19GEN-D037-Saturday-00,0,0,0,0,0,1,0,20190504,20191116
BSP19GEN-E039-Saturday-00,0,0,0,0,0,1,0,20190504,20191116
BSP19GEN-F044-Saturday-00,0,0,0,0,0,1,0,20190504,20191116
BSP19GEN-FS011-Saturday-00,0,0,0,0,0,1,0,20190504,20191116
BSP19SUPP-G033-Saturday-55,0,0,0,0,0,1,0,20190504,20191116
ASP19GEN-GS010-Saturday-00,0,0,0,0,0,1,0,20190504,20191102
BSP19GEN-H024-Saturday-00,0,0,0,0,0,1,0,20190504,20191116
BSP19GEN-J032-Saturday-00,0,0,0,0,0,1,0,20190504,20191116
BSP19SUPP-L022-Saturday-98,0,0,0,0,0,1,0,20190504,20191116
BSP19SUPP-M024-Saturday-25,0,0,0,0,0,1,0,20190504,20191116
BSP19GEN-N054-Saturday-00,0,0,0,0,0,1,0,20190504,20191116
BSP19GEN-Q021-Saturday-00,0,0,0,0,0,1,0,20190504,20191116
BSP19GEN-R050-Saturday-00,0,0,0,0,0,1,0,20190504,20191116
SIR-FA2018-SI017-Saturday-00,0,0,0,0,0,1,0,20190504,20190504
SIR-FA2017-SI017-Sunday-00,0,0,0,0,0,0,1,20190505,20190929
SIR-FA2017-SI017-Saturday-00,0,0,0,0,0,1,0,20190511,20191005
